name: mj_omics
channels:
  - conda-forge
  - bioconda
  - defaults
dependencies:
  - _libgcc_mutex=0.1=main
  - bbmap=38.68=h516909a_0
  - bedtools=2.26.0=0
  - biopython=1.73=py36h7b6447c_0
  - blas=1.0=mkl
  - blast=2.9.0=h20b68b9_1
  - boost=1.68.0=py36h8619c78_1001
  - boost-cpp=1.68.0=h11c811c_1000
  - bowtie=1.2.2=py36h2d50403_1
  - bowtie2=2.3.4.3=py36he860b03_1
  - bzip2=1.0.6=h14c3975_5
  - ca-certificates=2019.9.11=hecc5488_0
  - certifi=2019.9.11=py36_0
  - collectl=4.0.4=2
  - curl=7.64.1=hbc83047_0
  - decorator=4.4.0=py36_1
  - fastool=0.1.4=ha92aebf_3
  - fastqc=0.11.8=1
  - font-ttf-dejavu-sans-mono=2.37=h6964260_0
  - fontconfig=2.13.0=h9420a91_0
  - freetype=2.9.1=h8a8886c_1
  - gmp=6.1.2=hf484d3e_1000
  - gnutls=3.6.5=hd3a4fd2_1002
  - hmmer=3.2.1=hf484d3e_1
  - icu=58.2=h9c2bf20_1
  - intel-openmp=2019.3=199
  - jellyfish=2.2.10=h6bb024c_1
  - jemalloc=5.2.0=he1b5a44_0
  - krb5=1.16.1=h173b8e3_7
  - libboost=1.67.0=h46d08c1_4
  - libcurl=7.64.1=h20c2e04_0
  - libcxx=8.0.0=2
  - libcxxabi=8.0.0=2
  - libdeflate=1.0=h14c3975_1
  - libedit=3.1.20181209=hc058e9b_0
  - libffi=3.2.1=hd88cf55_4
  - libgcc=7.2.0=h69d50b8_2
  - libgcc-ng=8.2.0=hdf63c60_1
  - libgfortran-ng=7.3.0=hdf63c60_0
  - libpng=1.6.37=hbc83047_0
  - libssh2=1.8.2=h1ba5d50_0
  - libstdcxx-ng=8.2.0=hdf63c60_1
  - libuuid=1.0.3=h1bed415_2
  - libxml2=2.9.9=he19cac6_0
  - megahit=1.1.3=py36_0
  - mkl=2019.3=199
  - mkl_fft=1.0.12=py36ha843d7b_0
  - mkl_random=1.0.2=py36hd81dba3_0
  - ncurses=6.1=he6710b0_1
  - nettle=3.4.1=h1bed415_1002
  - numpy=1.16.4=py36h7e9f1db_0
  - numpy-base=1.16.4=py36hde5b4d6_0
  - openjdk=8.0.152=h46b5887_1
  - openssl=1.1.1c=h516909a_0
  - parafly=r2013_01_21=1
  - pcre=8.41=hf484d3e_1003
  - perl=5.26.2=h14c3975_0
  - perl-app-cpanminus=1.7044=pl526_1
  - perl-archive-tar=2.32=pl526_0
  - perl-carp=1.38=pl526_3
  - perl-common-sense=3.74=pl526_2
  - perl-compress-raw-bzip2=2.087=pl526he1b5a44_0
  - perl-compress-raw-zlib=2.087=pl526hc9558a2_0
  - perl-constant=1.33=pl526_1
  - perl-cpan-meta=2.150010=pl526_0
  - perl-cpan-meta-requirements=2.140=pl526_0
  - perl-cpan-meta-yaml=0.018=pl526_0
  - perl-data-dumper=2.173=pl526_0
  - perl-encode=2.88=pl526_1
  - perl-exporter=5.72=pl526_1
  - perl-exporter-tiny=1.002001=pl526_0
  - perl-extutils-cbuilder=0.280230=pl526_1
  - perl-extutils-makemaker=7.36=pl526_1
  - perl-extutils-manifest=1.72=pl526_0
  - perl-extutils-parsexs=3.35=pl526_0
  - perl-file-path=2.16=pl526_0
  - perl-file-temp=0.2304=pl526_2
  - perl-getopt-long=2.50=pl526_1
  - perl-io-compress=2.087=pl526he1b5a44_0
  - perl-io-zlib=1.10=pl526_2
  - perl-ipc-cmd=1.02=pl526_0
  - perl-json=4.02=pl526_0
  - perl-json-pp=4.02=pl526_0
  - perl-json-xs=2.34=pl526h6bb024c_3
  - perl-list-moreutils=0.428=pl526_1
  - perl-list-moreutils-xs=0.428=pl526_0
  - perl-locale-maketext-simple=0.21=pl526_2
  - perl-module-build=0.4224=pl526_3
  - perl-module-corelist=5.20190524=pl526_0
  - perl-module-load=0.32=pl526_1
  - perl-module-load-conditional=0.68=pl526_2
  - perl-module-metadata=1.000036=pl526_0
  - perl-params-check=0.38=pl526_1
  - perl-parent=0.236=pl526_1
  - perl-pathtools=3.75=pl526h14c3975_1
  - perl-perl-ostype=1.010=pl526_1
  - perl-scalar-list-utils=1.50=pl526h14c3975_0
  - perl-text-abbrev=1.02=pl526_0
  - perl-text-parsewords=3.30=pl526_0
  - perl-threaded=5.26.0=0
  - perl-types-serialiser=1.0=pl526_2
  - perl-version=0.9924=pl526_0
  - perl-xsloader=0.24=pl526_0
  - pip=19.1.1=py36_0
  - python=3.6.8=h0371630_0
  - readline=7.0=h7b6447c_5
  - salmon=0.14.0=h86b0361_1
  - samtools=1.9=h8571acd_11
  - setuptools=41.0.1=py36_0
  - slclust=02022010=2
  - spades=3.13.1=0
  - sqlalchemy=1.3.3=py36h7b6447c_0
  - sqlite=3.28.0=h7b6447c_0
  - taxtastic=0.8.11=py_0
  - tbb=2019.7=hc9558a2_0
  - tk=8.6.8=hbc83047_0
  - trimmomatic=0.39=1
  - trinity=2.8.5=hdbcaa40_0
  - wheel=0.33.4=py36_0
  - xlrd=1.2.0=py36_0
  - xz=5.2.4=h14c3975_4
  - zlib=1.2.11=h7b6447c_3
prefix: /home/stoughj/miniconda3/envs/mj_omics

