44
KP642119_Narnaviridae_environmental_sample                  0.0000000 4.0190979 4.5427383 5.1270887 4.6471810 4.3545060 4.6110164 4.0451884 4.9823429 4.6802070 4.0164407 0.7371486 2.4496878 5.3075506 4.8876675 2.7039539 5.2142448 4.9971783 3.0747692 4.8559700 5.2234270 4.8082562 4.7974225 5.2656227 4.0704710 4.3297608 4.2447519 4.7265013 5.4020462 3.8172603 5.4887692 5.4622722 5.2903385 5.0889016 5.9261734 5.1737493 5.5970148 5.1817273 4.5262889 4.0378845 4.0431001 4.0884108 4.0431001 4.0884108 
KX883564.1_Wuhan_spider_virus_7                             4.0190979 0.0000000 1.4268793 2.1302481 2.1379227 2.0151375 2.2825956 1.9582724 2.6471441 2.3738502 4.4744187 4.0917710 3.6375311 4.9491871 6.3096985 3.6897652 5.1269224 6.0432805 3.8424882 4.8023235 4.8548207 5.0120703 5.4504278 5.6641319 1.4380410 1.7347902 1.5792453 3.4944567 3.6599358 3.0816930 3.6052723 3.1557119 3.5299276 5.2219894 5.2283017 5.0842216 5.7652908 5.2559358 4.9938662 5.6520427 5.5634292 5.6949804 5.5634292 5.6949804 
KX883541.1_Hubei_narna-like_virus_3                         4.5427383 1.4268793 0.0000000 2.1072964 2.1569713 2.1067227 2.2767294 2.0213896 2.8459520 2.4273997 5.0772057 4.4012240 4.4186228 5.5806882 6.5317572 3.8902364 5.6670363 6.2895344 4.3556279 5.1882919 5.2371028 5.3678666 5.5964619 5.8037150 1.6074253 1.8268828 1.5848323 3.8487588 4.0895083 3.1173095 3.8470606 3.3944770 3.6368002 5.6483027 5.1794152 5.3439691 5.8931159 5.8468531 5.2490510 5.3181489 5.2009594 5.2877677 5.2009594 5.2877677 
KX883515.1_Beihai_narna-like_virus_1                        5.1270887 2.1302481 2.1072964 0.0000000 0.5909859 1.7106492 1.5691673 1.7275680 2.6914604 1.8737588 5.0595504 4.8035121 5.1445757 5.8412249 5.7013060 4.6338811 5.4283261 5.4373985 3.8188789 5.7415116 4.6803161 5.5476353 5.9448654 5.7900544 1.9055676 2.2176908 1.8666453 3.3875054 3.8699652 3.3171276 3.6271970 3.8692482 3.4331473 6.8335707 5.9194121 5.3478982 5.7267381 5.4556884 5.8024351 5.3362372 5.2234211 5.3080245 5.2234211 5.3080245 
KX883578.1_Hubei_narna-like_virus_2                         4.6471810 2.1379227 2.1569713 0.5909859 0.0000000 1.7690033 1.5453099 1.8042987 2.8258382 2.1165704 5.6747419 4.3799757 5.1362927 6.2538630 5.6512147 4.7601647 5.8839885 5.4326303 4.1222261 5.7542866 5.1844083 5.6587463 5.9064799 6.2350775 2.0316921 2.3442885 1.9607487 3.8235463 4.0914531 3.6214840 4.0604278 3.9036584 3.7529369 6.5989449 7.7013696 6.2068260 7.0448029 6.9700807 6.2166963 5.6971762 5.5714434 5.6662812 5.5714434 5.6662812 
KX883512.1_Beihai_narna-like_virus_2                        4.3545060 2.0151375 2.1067227 1.7106492 1.7690033 0.0000000 1.8435459 1.9526324 2.2974749 1.8237002 5.4561097 4.2256472 4.0995059 5.7049257 6.1638977 3.9355012 5.6224905 5.8025006 3.6845938 6.3584581 5.8890358 5.5132711 5.1056544 6.2597169 2.0228421 2.2329427 2.0052825 3.3439486 3.5387879 2.9924173 3.4069594 3.6342689 3.4576880 6.0690898 5.8051616 5.7031847 5.1700516 5.2706860 5.7262662 5.2578634 5.3278568 5.3038679 5.3278568 5.3038679 
KX883465.1_Beihai_narna-like_virus_3                        4.6110164 2.2825956 2.2767294 1.5691673 1.5453099 1.8435459 0.0000000 2.1651742 2.4806839 2.2075971 5.7898891 4.1737487 4.5203517 6.0420048 6.7205978 4.4764696 6.2535062 6.8017394 4.7522535 6.4740932 6.1726987 6.5138761 6.4367821 6.9595868 2.2946395 2.4604276 2.1227997 3.4420205 3.6695375 3.5972996 3.8559047 3.7271897 3.7490529 7.2986375 6.5002261 6.0008808 6.2413409 5.6561826 6.2291340 5.9809789 5.8165709 5.9586352 5.8165709 5.9586352 
KX883615.1_Wenzhou_narna-like_virus_1                       4.0451884 1.9582724 2.0213896 1.7275680 1.8042987 1.9526324 2.1651742 0.0000000 2.8218301 2.1180842 4.5874038 4.1496539 3.8272884 5.9504954 5.6474685 4.0038093 5.5493727 5.5772091 3.4225278 5.5285577 5.0379159 5.3875542 6.2173656 6.2130433 2.2176434 2.2766699 2.1477633 3.5279700 3.5245315 3.1148891 3.6901516 3.5977400 3.4674778 6.4645502 6.3342427 5.3160050 5.0558536 5.0058283 5.7212316 4.6158874 4.6195793 4.6970254 4.6195793 4.6970254 
KX883596.1_Hubei_narna-like_virus_4                         4.9823429 2.6471441 2.8459520 2.6914604 2.8258382 2.2974749 2.4806839 2.8218301 0.0000000 2.6808000 4.7682867 4.7652836 4.3919732 6.1057589 6.5322602 4.4865654 6.5574124 6.3798243 4.4215405 6.5096422 6.3688211 6.2794917 5.6588629 6.9473339 2.4849328 2.7975872 2.5018967 4.0289059 4.5074318 4.1300947 4.1833670 4.1625283 3.9655270 6.6930089 4.5763707 4.9709028 5.5843809 4.9675844 6.4722935 6.7542599 6.7120534 6.7660710 6.7120534 6.7660710 
KX883553.1_Shahe_narna-like_virus_1                         4.6802070 2.3738502 2.4273997 1.8737588 2.1165704 1.8237002 2.2075971 2.1180842 2.6808000 0.0000000 5.2189786 4.3622399 4.0183496 5.8771342 6.8756620 4.1326088 5.8407933 5.7265537 3.6134354 5.6678102 5.5818057 5.3264218 6.5064088 5.8591535 2.5320365 2.4653593 2.4898058 3.6834880 4.1766599 3.7354394 3.7550134 4.0462365 3.7300862 7.2364203 5.9522728 5.2381168 5.8269971 5.1416282 5.9107039 5.7844503 5.9003939 5.9194870 5.9003939 5.9194870 
NC029782_Phytophthora_infestans_RNA_virus_4                 4.0164407 4.4744187 5.0772057 5.0595504 5.6747419 5.4561097 5.7898891 4.5874038 4.7682867 5.2189786 0.0000000 3.9764954 4.4452520 5.5216705 5.7380022 3.4462639 5.8026327 5.8596257 3.7829424 5.2213449 5.4076647 5.5600549 4.9073095 5.5803114 4.1067235 4.5431514 4.1048751 4.6921369 5.2516795 4.5839450 4.9432279 5.2811361 5.2893687 5.6941626 6.5340880 6.1732186 5.0092839 5.7087402 4.5855226 4.8748295 4.8794547 4.9448573 4.8794547 4.9448573 
KF298275_ochlerotatus-associated_narna-like_1               0.7371486 4.0917710 4.4012240 4.8035121 4.3799757 4.2256472 4.1737487 4.1496539 4.7652836 4.3622399 3.9764954 0.0000000 2.4308159 5.1290822 4.7319009 2.5711737 5.0507306 4.4789008 2.7836263 5.1453602 4.5033491 4.8441391 4.8107391 4.5133442 3.7327474 3.7863470 4.0125554 4.1872600 4.8901278 3.8189006 5.2492937 5.3323584 4.3940807 5.4917127 6.0938868 5.3090239 5.4145094 5.3424306 4.3065017 4.2000129 4.2139043 4.2192378 4.2139043 4.2192378 
LBMM01010399_Lasius_niger                                   2.4496878 3.6375311 4.4186228 5.1445757 5.1362927 4.0995059 4.5203517 3.8272884 4.3919732 4.0183496 4.4452520 2.4308159 0.0000000 4.7426412 4.3023606 2.3916493 4.4466737 4.2495224 2.6690367 4.6028088 4.3607479 4.6512334 4.3265041 4.3271015 4.0957148 4.1401213 4.2125703 3.5639573 4.1881365 3.8058747 4.2577317 4.0186930 3.8902655 4.6460435 4.9567277 4.4619489 5.0267642 4.8050972 4.1085224 4.9901880 4.9034653 4.9931141 4.9034653 4.9931141 
NC006264_Gremmeniella_abietina_mitochondrial_RNA_virus_S2   5.3075506 4.9491871 5.5806882 5.8412249 6.2538630 5.7049257 6.0420048 5.9504954 6.1057589 5.8771342 5.5216705 5.1290822 4.7426412 0.0000000 1.3316632 5.1261616 1.2856614 1.4329487 5.1954023 2.6386726 2.6553525 2.3994988 2.2800945 2.3954309 5.4880140 5.2733649 5.5857789 4.2178835 4.6313237 4.7627711 4.9594970 4.9773973 4.3207289 2.5745794 5.8924507 5.0604241 5.2657112 5.5317619 2.4673013 3.4971750 3.4939808 3.5038664 3.4939808 3.5038664 
KP900925.1_Sclerotinia_sclerotiorum_mitovirus_18            4.8876675 6.3096985 6.5317572 5.7013060 5.6512147 6.1638977 6.7205978 5.6474685 6.5322602 6.8756620 5.7380022 4.7319009 4.3023606 1.3316632 0.0000000 5.0430807 1.1602015 0.3654610 5.2627860 2.6844205 2.7822797 2.4368820 2.0045693 2.4648289 5.8820239 6.0833866 6.3919261 4.6958964 5.1376956 4.9201941 5.2872257 4.8521134 4.8505610 2.5961402 5.7308481 5.2726623 4.7263315 5.4768276 2.2405360 3.4262468 3.4022712 3.4074391 3.4022712 3.4074391 
NC004051_Saccharomyces_20S_s                                2.7039539 3.6897652 3.8902364 4.6338811 4.7601647 3.9355012 4.4764696 4.0038093 4.4865654 4.1326088 3.4462639 2.5711737 2.3916493 5.1261616 5.0430807 0.0000000 5.3329613 4.8925793 2.3540926 5.3405953 4.8641942 4.6697970 4.8856957 5.0442755 4.1430777 4.4186777 3.9878421 4.0206202 4.4512378 3.7384335 4.1604824 4.5111904 4.3725793 5.2048543 5.6001957 5.3998788 5.3454546 5.3010926 4.8244509 4.5837430 4.5515122 4.6374985 4.5515122 4.6374985 
NC028474_Botrytis_cinerea_mitovirus_4                       5.2142448 5.1269224 5.6670363 5.4283261 5.8839885 5.6224905 6.2535062 5.5493727 6.5574124 5.8407933 5.8026327 5.0507306 4.4466737 1.2856614 1.1602015 5.3329613 0.0000000 1.1903339 5.2156491 2.6607246 2.7714275 2.5005276 2.3488685 2.4972542 5.4088239 5.6866811 5.2287939 4.4929466 5.0227167 4.8598328 5.3869481 4.9367033 4.8524335 2.7728885 6.0741269 5.3566047 5.1189888 5.3136322 2.3714712 3.4297532 3.3826794 3.4011003 3.3826794 3.4011003 
NC028471_Botrytis_cinerea_mitovirus_2                       4.9971783 6.0432805 6.2895344 5.4373985 5.4326303 5.8025006 6.8017394 5.5772091 6.3798243 5.7265537 5.8596257 4.4789008 4.2495224 1.4329487 0.3654610 4.8925793 1.1903339 0.0000000 5.0067513 2.5766970 2.6268815 2.3491406 2.1060754 2.5694150 5.4904729 6.0071496 6.3694215 4.5492564 5.3212461 4.7891925 5.3402068 4.7779264 4.6742344 2.7974731 5.9511855 5.1125558 5.4273241 5.8318959 2.3648666 3.4542310 3.4287430 3.4351504 3.4287430 3.4351504 
U90136_Saccharomyces_23Ss                                   3.0747692 3.8424882 4.3556279 3.8188789 4.1222261 3.6845938 4.7522535 3.4225278 4.4215405 3.6134354 3.7829424 2.7836263 2.6690367 5.1954023 5.2627860 2.3540926 5.2156491 5.0067513 0.0000000 5.2752376 4.4803810 3.9669915 4.4235142 4.6520455 4.1559191 4.2282496 3.9768460 4.0216444 4.4264118 3.7772362 4.2351390 4.3499650 4.4390355 5.0488198 5.5079627 4.6792512 5.8987041 6.4381425 4.3567093 4.3122031 4.1870085 4.2595562 4.1870085 4.2595562 
LN827948_Grapevine_associated_narnavirus-1                  4.8559700 4.8023235 5.1882919 5.7415116 5.7542866 6.3584581 6.4740932 5.5285577 6.5096422 5.6678102 5.2213449 5.1453602 4.6028088 2.6386726 2.6844205 5.3405953 2.6607246 2.5766970 5.2752376 0.0000000 1.3861700 2.2446345 2.4829984 2.0839209 5.0251024 5.4508699 4.6703053 4.7843829 5.0747832 4.7062891 5.9993417 4.3982909 4.5310378 1.6520257 5.2682719 4.9070442 5.7610015 5.4537063 1.6966856 3.1244042 3.1463286 3.1153988 3.1463286 3.1153988 
KP900911_Rhizoctonia_solani_mitovirus_2                     5.2234270 4.8548207 5.2371028 4.6803161 5.1844083 5.8890358 6.1726987 5.0379159 6.3688211 5.5818057 5.4076647 4.5033491 4.3607479 2.6553525 2.7822797 4.8641942 2.7714275 2.6268815 4.4803810 1.3861700 0.0000000 2.6074130 2.7168675 2.1607292 5.8710809 5.7652633 5.2586718 4.4617166 4.8104510 4.0849977 5.3756291 4.6569610 4.3045465 1.5043098 6.0915035 5.5170893 5.5347911 5.4403475 1.9632670 3.2377435 3.2853741 3.2895203 3.2853741 3.2895203 
NC015629_Tuber_aestivum_mitovirus                           4.8082562 5.0120703 5.3678666 5.5476353 5.6587463 5.5132711 6.5138761 5.3875542 6.2794917 5.3264218 5.5600549 4.8441391 4.6512334 2.3994988 2.4368820 4.6697970 2.5005276 2.3491406 3.9669915 2.2446345 2.6074130 0.0000000 2.5345958 1.8078894 4.8240827 5.6756277 4.7049636 4.2939072 5.0645072 4.5392988 5.0885261 4.7338521 4.7842215 2.4984149 5.8891496 5.5347317 5.1570653 5.2991851 2.0622030 3.1989468 3.1981463 3.2003951 3.1981463 3.2003951 
KJ462508_Sclerotinia_sclerotiorum_mitovirus_2               4.7974225 5.4504278 5.5964619 5.9448654 5.9064799 5.1056544 6.4367821 6.2173656 5.6588629 6.5064088 4.9073095 4.8107391 4.3265041 2.2800945 2.0045693 4.8856957 2.3488685 2.1060754 4.4235142 2.4829984 2.7168675 2.5345958 0.0000000 2.2609770 5.5663663 5.6576296 5.2012684 5.0154592 4.7970263 4.3727929 5.8144322 5.0029953 4.8094471 2.3687829 5.8643226 4.8049739 5.0383234 5.1697559 2.3311829 3.1524182 3.1622790 3.1380893 3.1622790 3.1380893 
KJ873059_Heterobasidion_mitovirus_1                         5.2656227 5.6641319 5.8037150 5.7900544 6.2350775 6.2597169 6.9595868 6.2130433 6.9473339 5.8591535 5.5803114 4.5133442 4.3271015 2.3954309 2.4648289 5.0442755 2.4972542 2.5694150 4.6520455 2.0839209 2.1607292 1.8078894 2.2609770 0.0000000 6.2040072 5.7936449 5.0490337 4.7870595 5.1438220 5.3867332 4.9701166 4.4329817 4.5927804 2.4761302 6.1611166 5.2009827 5.4376958 5.6656185 1.8234548 3.6623368 3.6266873 3.6701754 3.6266873 3.6701754 
EU770623_Ourmia_melon_virus                                 4.0704710 1.4380410 1.6074253 1.9055676 2.0316921 2.0228421 2.2946395 2.2176434 2.4849328 2.5320365 4.1067235 3.7327474 4.0957148 5.4880140 5.8820239 4.1430777 5.4088239 5.4904729 4.1559191 5.0251024 5.8710809 4.8240827 5.5663663 6.2040072 0.0000000 0.7454897 0.6597358 3.2006283 3.9453669 3.1125633 3.6384166 3.4948192 3.7280876 5.3527305 4.1964346 4.3878288 5.1361059 4.6434445 4.7243830 5.2671497 5.1402149 5.2068609 5.1402149 5.2068609 
FJ157981_Cassava_virus_C                                    4.3297608 1.7347902 1.8268828 2.2176908 2.3442885 2.2329427 2.4604276 2.2766699 2.7975872 2.4653593 4.5431514 3.7863470 4.1401213 5.2733649 6.0833866 4.4186777 5.6866811 6.0071496 4.2282496 5.4508699 5.7652633 5.6756277 5.6576296 5.7936449 0.7454897 0.0000000 0.8297804 3.1590510 3.6587123 3.3602475 4.3344932 3.8338136 3.7888218 5.7071954 4.6978327 4.4513844 5.1202753 4.9770591 5.1849188 5.2225074 5.1269511 5.2012096 5.1269511 5.2012096 
EU770620_Epirus_cherry_virus                                4.2447519 1.5792453 1.5848323 1.8666453 1.9607487 2.0052825 2.1227997 2.1477633 2.5018967 2.4898058 4.1048751 4.0125554 4.2125703 5.5857789 6.3919261 3.9878421 5.2287939 6.3694215 3.9768460 4.6703053 5.2586718 4.7049636 5.2012684 5.0490337 0.6597358 0.8297804 0.0000000 3.5044676 3.9640341 2.9478808 3.7328027 3.5435984 3.5643061 5.4356667 4.2779049 4.1600857 5.2222925 4.6291333 4.7730193 4.8930693 4.7718523 4.8458185 4.7718523 4.8458185 
KT598247_Soybean_leaf-associated_ourmiavirus_2              4.7265013 3.4944567 3.8487588 3.3875054 3.8235463 3.3439486 3.4420205 3.5279700 4.0289059 3.6834880 4.6921369 4.1872600 3.5639573 4.2178835 4.6958964 4.0206202 4.4929466 4.5492564 4.0216444 4.7843829 4.4617166 4.2939072 5.0154592 4.7870595 3.2006283 3.1590510 3.5044676 0.0000000 0.3520255 1.9495006 2.7987133 2.9770895 0.7166165 4.7202205 5.2641580 5.1763888 4.7158187 5.4903206 4.9433060 4.7061769 4.7364730 4.6928450 4.7364730 4.6928450 
KT598235_Soybean_leaf-associated_ourmiavirus_1              5.4020462 3.6599358 4.0895083 3.8699652 4.0914531 3.5387879 3.6695375 3.5245315 4.5074318 4.1766599 5.2516795 4.8901278 4.1881365 4.6313237 5.1376956 4.4512378 5.0227167 5.3212461 4.4264118 5.0747832 4.8104510 5.0645072 4.7970263 5.1438220 3.9453669 3.6587123 3.9640341 0.3520255 0.0000000 2.4141998 3.4726537 3.5314777 0.8430925 5.2230053 5.9712166 5.5691401 5.3884521 6.2791403 4.9166103 5.2288073 5.2387727 5.1667620 5.2387727 5.1667620 
KP900921_Rhizoctonia_solani_ourmia-like_virus_1_RNA_1       3.8172603 3.0816930 3.1173095 3.3171276 3.6214840 2.9924173 3.5972996 3.1148891 4.1300947 3.7354394 4.5839450 3.8189006 3.8058747 4.7627711 4.9201941 3.7384335 4.8598328 4.7891925 3.7772362 4.7062891 4.0849977 4.5392988 4.3727929 5.3867332 3.1125633 3.3602475 2.9478808 1.9495006 2.4141998 0.0000000 3.2502555 3.4823641 2.5064806 4.8640761 5.8277068 5.5920352 5.2930514 5.4196637 4.6384668 5.0733390 5.1214434 5.1467527 5.1214434 5.1467527 
NC028476_Botrytis_ourmia-like_virus                         5.4887692 3.6052723 3.8470606 3.6271970 4.0604278 3.4069594 3.8559047 3.6901516 4.1833670 3.7550134 4.9432279 5.2492937 4.2577317 4.9594970 5.2872257 4.1604824 5.3869481 5.3402068 4.2351390 5.9993417 5.3756291 5.0885261 5.8144322 4.9701166 3.6384166 4.3344932 3.7328027 2.7987133 3.4726537 3.2502555 0.0000000 1.2640110 3.1895095 6.0408643 6.1415977 5.5258881 5.4502000 6.0233826 5.3488321 5.0617182 4.9821038 5.0810595 4.9821038 5.0810595 
KP900929_Sclerotinia_sclerotiorum_ourmia-like_virus_2_RNA_1 5.4622722 3.1557119 3.3944770 3.8692482 3.9036584 3.6342689 3.7271897 3.5977400 4.1625283 4.0462365 5.2811361 5.3323584 4.0186930 4.9773973 4.8521134 4.5111904 4.9367033 4.7779264 4.3499650 4.3982909 4.6569610 4.7338521 5.0029953 4.4329817 3.4948192 3.8338136 3.5435984 2.9770895 3.5314777 3.4823641 1.2640110 0.0000000 2.9548692 5.1826116 5.8111235 5.0885976 4.7703179 5.4747006 4.5886130 4.6834732 4.6733643 4.6540985 4.6733643 4.6540985 
KP900928_Sclerotinia_sclerotiorum_ourmia-like_virus_1_RNA_1 5.2903385 3.5299276 3.6368002 3.4331473 3.7529369 3.4576880 3.7490529 3.4674778 3.9655270 3.7300862 5.2893687 4.3940807 3.8902655 4.3207289 4.8505610 4.3725793 4.8524335 4.6742344 4.4390355 4.5310378 4.3045465 4.7842215 4.8094471 4.5927804 3.7280876 3.7888218 3.5643061 0.7166165 0.8430925 2.5064806 3.1895095 2.9548692 0.0000000 5.0349922 5.7277977 5.2891885 5.3789217 6.5787158 5.1971782 5.2157292 5.1172629 5.1560369 5.1172629 5.1560369 
NC004046_Cryphonectria_parasitica_mitovirus_1               5.0889016 5.2219894 5.6483027 6.8335707 6.5989449 6.0690898 7.2986375 6.4645502 6.6930089 7.2364203 5.6941626 5.4917127 4.6460435 2.5745794 2.5961402 5.2048543 2.7728885 2.7974731 5.0488198 1.6520257 1.5043098 2.4984149 2.3687829 2.4761302 5.3527305 5.7071954 5.4356667 4.7202205 5.2230053 4.8640761 6.0408643 5.1826116 5.0349922 0.0000000 6.8293938 5.8942704 6.0674877 6.1156502 2.2051971 3.8108741 3.7776344 3.8174050 3.7776344 3.8174050 
X03869_Enterobacteria_phage_GA                              5.9261734 5.2283017 5.1794152 5.9194121 7.7013696 5.8051616 6.5002261 6.3342427 4.5763707 5.9522728 6.5340880 6.0938868 4.9567277 5.8924507 5.7308481 5.6001957 6.0741269 5.9511855 5.5079627 5.2682719 6.0915035 5.8891496 5.8643226 6.1611166 4.1964346 4.6978327 4.2779049 5.2641580 5.9712166 5.8277068 6.1415977 5.8111235 5.7277977 6.8293938 0.0000000 0.7600324 1.6826016 1.7136573 5.6596615 5.5741968 5.4858534 5.5706738 5.4858534 5.5706738 
NC001417_Escherichia_virus_MS2                              5.1737493 5.0842216 5.3439691 5.3478982 6.2068260 5.7031847 6.0008808 5.3160050 4.9709028 5.2381168 6.1732186 5.3090239 4.4619489 5.0604241 5.2726623 5.3998788 5.3566047 5.1125558 4.6792512 4.9070442 5.5170893 5.5347317 4.8049739 5.2009827 4.3878288 4.4513844 4.1600857 5.1763888 5.5691401 5.5920352 5.5258881 5.0885976 5.2891885 5.8942704 0.7600324 0.0000000 1.6676503 1.6136165 5.2468907 5.1876168 5.0105311 5.1500567 5.0105311 5.1500567 
NC001890_Escherichia_virus_Qbeta                            5.5970148 5.7652908 5.8931159 5.7267381 7.0448029 5.1700516 6.2413409 5.0558536 5.5843809 5.8269971 5.0092839 5.4145094 5.0267642 5.2657112 4.7263315 5.3454546 5.1189888 5.4273241 5.8987041 5.7610015 5.5347911 5.1570653 5.0383234 5.4376958 5.1361059 5.1202753 5.2222925 4.7158187 5.3884521 5.2930514 5.4502000 4.7703179 5.3789217 6.0674877 1.6826016 1.6676503 0.0000000 0.5826287 5.9971774 5.0636901 5.0485074 5.0567876 5.0485074 5.0567876 
X07489_Enterobacteria_phage_SP                              5.1817273 5.2559358 5.8468531 5.4556884 6.9700807 5.2706860 5.6561826 5.0058283 4.9675844 5.1416282 5.7087402 5.3424306 4.8050972 5.5317619 5.4768276 5.3010926 5.3136322 5.8318959 6.4381425 5.4537063 5.4403475 5.2991851 5.1697559 5.6656185 4.6434445 4.9770591 4.6291333 5.4903206 6.2791403 5.4196637 6.0233826 5.4747006 6.5787158 6.1156502 1.7136573 1.6136165 0.5826287 0.0000000 6.3840366 4.9033549 4.8165908 4.8969291 4.8165908 4.8969291 
NC004049_Ophiostoma_mitovirus_3a                            4.5262889 4.9938662 5.2490510 5.8024351 6.2166963 5.7262662 6.2291340 5.7212316 6.4722935 5.9107039 4.5855226 4.3065017 4.1085224 2.4673013 2.2405360 4.8244509 2.3714712 2.3648666 4.3567093 1.6966856 1.9632670 2.0622030 2.3311829 1.8234548 4.7243830 5.1849188 4.7730193 4.9433060 4.9166103 4.6384668 5.3488321 4.5886130 5.1971782 2.2051971 5.6596615 5.2468907 5.9971774 6.3840366 0.0000000 2.8584154 2.8171780 2.8560137 2.8171780 2.8560137 
JS1                                                         4.0378845 5.6520427 5.3181489 5.3362372 5.6971762 5.2578634 5.9809789 4.6158874 6.7542599 5.7844503 4.8748295 4.2000129 4.9901880 3.4971750 3.4262468 4.5837430 3.4297532 3.4542310 4.3122031 3.1244042 3.2377435 3.1989468 3.1524182 3.6623368 5.2671497 5.2225074 4.8930693 4.7061769 5.2288073 5.0733390 5.0617182 4.6834732 5.2157292 3.8108741 5.5741968 5.1876168 5.0636901 4.9033549 2.8584154 0.0000000 0.0107439 0.0042785 0.0107439 0.0042785 
JS2                                                         4.0431001 5.5634292 5.2009594 5.2234211 5.5714434 5.3278568 5.8165709 4.6195793 6.7120534 5.9003939 4.8794547 4.2139043 4.9034653 3.4939808 3.4022712 4.5515122 3.3826794 3.4287430 4.1870085 3.1463286 3.2853741 3.1981463 3.1622790 3.6266873 5.1402149 5.1269511 4.7718523 4.7364730 5.2387727 5.1214434 4.9821038 4.6733643 5.1172629 3.7776344 5.4858534 5.0105311 5.0485074 4.8165908 2.8171780 0.0107439 0.0000000 0.0107018 0.0000010 0.0107018 
JS3                                                         4.0884108 5.6949804 5.2877677 5.3080245 5.6662812 5.3038679 5.9586352 4.6970254 6.7660710 5.9194870 4.9448573 4.2192378 4.9931141 3.5038664 3.4074391 4.6374985 3.4011003 3.4351504 4.2595562 3.1153988 3.2895203 3.2003951 3.1380893 3.6701754 5.2068609 5.2012096 4.8458185 4.6928450 5.1667620 5.1467527 5.0810595 4.6540985 5.1560369 3.8174050 5.5706738 5.1500567 5.0567876 4.8969291 2.8560137 0.0042785 0.0107018 0.0000000 0.0107018 0.0000010 
JS4                                                         4.0431001 5.5634292 5.2009594 5.2234211 5.5714434 5.3278568 5.8165709 4.6195793 6.7120534 5.9003939 4.8794547 4.2139043 4.9034653 3.4939808 3.4022712 4.5515122 3.3826794 3.4287430 4.1870085 3.1463286 3.2853741 3.1981463 3.1622790 3.6266873 5.1402149 5.1269511 4.7718523 4.7364730 5.2387727 5.1214434 4.9821038 4.6733643 5.1172629 3.7776344 5.4858534 5.0105311 5.0485074 4.8165908 2.8171780 0.0107439 0.0000010 0.0107018 0.0000000 0.0107018 
JS5                                                         4.0884108 5.6949804 5.2877677 5.3080245 5.6662812 5.3038679 5.9586352 4.6970254 6.7660710 5.9194870 4.9448573 4.2192378 4.9931141 3.5038664 3.4074391 4.6374985 3.4011003 3.4351504 4.2595562 3.1153988 3.2895203 3.2003951 3.1380893 3.6701754 5.2068609 5.2012096 4.8458185 4.6928450 5.1667620 5.1467527 5.0810595 4.6540985 5.1560369 3.8174050 5.5706738 5.1500567 5.0567876 4.8969291 2.8560137 0.0042785 0.0107018 0.0000010 0.0107018 0.0000000 
