44
KP642119_Narnaviridae_environmental_sample                  0.0000000 4.0145950 4.5367835 5.1203857 4.6412873 4.3494076 4.6049777 4.0409295 4.9764536 4.6742521 4.0109677 0.7367923 2.4476817 5.3016487 4.8820623 2.7019573 5.2090436 4.9925059 3.0718629 4.8503033 5.2166296 4.8025785 4.7932208 5.2586456 4.0657565 4.3248616 4.2403549 4.7193163 5.3935724 3.8125974 5.4818623 5.4553838 5.2828934 5.0820376 5.9164915 5.1659259 5.5892134 5.1747774 4.5209191 4.0336711 4.0388666 4.0840660 4.0388666 4.0840660 
KX883564.1_Wuhan_spider_virus_7                             4.0145950 0.0000000 1.4260423 2.1287323 2.1364081 2.0138304 2.2809261 1.9569610 2.6449940 2.3720176 4.4694296 4.0867614 3.6339008 4.9429462 6.3015980 3.6856528 5.1208558 6.0362222 3.8384341 4.7971903 4.8491354 5.0059888 5.4435876 5.6558110 1.4371932 1.7337426 1.5782591 3.4905532 3.6561387 3.0785753 3.6015801 3.1524503 3.5260298 5.2157456 5.2214402 5.0779195 5.7575245 5.2493685 4.9877387 5.6440458 5.5555040 5.6869130 5.5555040 5.6869130 
KX883541.1_Hubei_narna-like_virus_3                         4.5367835 1.4260423 0.0000000 2.1056673 2.1553780 2.1051917 2.2750823 2.0199877 2.8433634 2.4254604 5.0708462 4.3960533 4.4134709 5.5733461 6.5226989 3.8863621 5.6591799 6.2806041 4.3517189 5.1824171 5.2313100 5.3608318 5.5904094 5.7960898 1.6063806 1.8257296 1.5838145 3.8447560 4.0846278 3.1142775 3.8427386 3.3909128 3.6329213 5.6417321 5.1736244 5.3373910 5.8842669 5.8370584 5.2422384 5.3114498 5.1942097 5.2810550 5.1942097 5.2810550 
KX883515.1_Beihai_narna-like_virus_1                        5.1203857 2.1287323 2.1056673 0.0000000 0.5907500 1.7095742 1.5682005 1.7264675 2.6891457 1.8724725 5.0524586 4.7972068 5.1377579 5.8349740 5.6944034 4.6288269 5.4215969 5.4308810 3.8148281 5.7353485 4.6747754 5.5408315 5.9375030 5.7827311 1.9042417 2.2159850 1.8653133 3.3839695 3.8654365 3.3134150 3.6233778 3.8655008 3.4295817 6.8247423 5.9120464 5.3423092 5.7168141 5.4477144 5.7959726 5.3289925 5.2164034 5.3008792 5.2164034 5.3008792 
KX883578.1_Hubei_narna-like_virus_2                         4.6412873 2.1364081 2.1553780 0.5907500 0.0000000 1.7678742 1.5443544 1.8031051 2.8234139 2.1150562 5.6658488 4.3745087 5.1296121 6.2464019 5.6447079 4.7546818 5.8756246 5.4255374 4.1173599 5.7473830 5.1794865 5.6514979 5.8978876 6.2261874 2.0302184 2.3423531 1.9593406 3.8192203 4.0864869 3.6172922 4.0555712 3.8997181 3.7486213 6.5923744 7.6890702 6.1984382 7.0328982 6.9575564 6.2105123 5.6885645 5.5631407 5.6577826 5.5631407 5.6577826 
KX883512.1_Beihai_narna-like_virus_2                        4.3494076 2.0138304 2.1051917 1.7095742 1.7678742 0.0000000 1.8422846 1.9513116 2.2958320 1.8224125 5.4504771 4.2205094 4.0943808 5.6979585 6.1572588 3.9312494 5.6146514 5.7954522 3.6808247 6.3525782 5.8824801 5.5069850 5.0995230 6.2505168 2.0214474 2.2312680 2.0038499 3.3404117 3.5346592 2.9894405 3.4035787 3.6301620 3.4535637 6.0608260 5.7978641 5.6952095 5.1645875 5.2642271 5.7189766 5.2510058 5.3210043 5.2969453 5.3210043 5.2969453 
KX883465.1_Beihai_narna-like_virus_3                        4.6049777 2.2809261 2.2750823 1.5682005 1.5443544 1.8422846 0.0000000 2.1636311 2.4786960 2.2059033 5.7820771 4.1685824 4.5146928 6.0352437 6.7133747 4.4706646 6.2463918 6.7955984 4.7466393 6.4675552 6.1651124 6.5050460 6.4275736 6.9490388 2.2929213 2.4585068 2.1213203 3.4386616 3.6655404 3.5930556 3.8520054 3.7235180 3.7441812 7.2890867 6.4921662 5.9941467 6.2325042 5.6494560 6.2201698 5.9713573 5.8072202 5.9491573 5.8072202 5.9491573 
KX883615.1_Wenzhou_narna-like_virus_1                       4.0409295 1.9569610 2.0199877 1.7264675 1.8031051 1.9513116 2.1636311 0.0000000 2.8194057 2.1166031 4.5821141 4.1453122 3.8229171 5.9437311 5.6407099 3.9994237 5.5419280 5.5699291 3.4192762 5.5220828 5.0324019 5.3796084 6.2109659 6.2042143 2.2160095 2.2750171 2.1462109 3.5247255 3.5210265 3.1118292 3.6863051 3.5938157 3.4640305 6.4554905 6.3268917 5.3095641 5.0504743 5.0006115 5.7140858 4.6104779 4.6141722 4.6915125 4.6141722 4.6915125 
KX883596.1_Hubei_narna-like_virus_4                         4.9764536 2.6449940 2.8433634 2.6891457 2.8234139 2.2958320 2.4786960 2.8194057 0.0000000 2.6784046 4.7636216 4.7594344 4.3876941 6.1000025 6.5259717 4.4811670 6.5511380 6.3723524 4.4167265 6.5022723 6.3613411 6.2726745 5.6520422 6.9394763 2.4828894 2.7950687 2.4997847 4.0244304 4.5020760 4.1255686 4.1786154 4.1579194 3.9609197 6.6859348 4.5720054 4.9660307 5.5787270 4.9617533 6.4646355 6.7468734 6.7045219 6.7586518 6.7045219 6.7586518 
KX883553.1_Shahe_narna-like_virus_1                         4.6742521 2.3720176 2.4254604 1.8724725 2.1150562 1.8224125 2.2059033 2.1166031 2.6784046 0.0000000 5.2127482 4.3568545 4.0132629 5.8703652 6.8702168 4.1287984 5.8342389 5.7202948 3.6093547 5.6621687 5.5736569 5.3195990 6.4991919 5.8515700 2.5298141 2.4632843 2.4876441 3.6791696 4.1710213 3.7311838 3.7513613 4.0416429 3.7256471 7.2265347 5.9447561 5.2315327 5.8205859 5.1362171 5.9040382 5.7767534 5.8925435 5.9114882 5.8925435 5.9114882 
NC029782_Phytophthora_infestans_RNA_virus_4                 4.0109677 4.4694296 5.0708462 5.0524586 5.6658488 5.4504771 5.7820771 4.5821141 4.7636216 5.2127482 0.0000000 3.9710996 4.4407187 5.5152392 5.7310798 3.4430064 5.7962083 5.8529333 3.7789102 5.2151701 5.4026966 5.5531982 4.9015669 5.5736960 4.1021196 4.5378126 4.1003080 4.6860496 5.2436966 4.5791322 4.9371581 5.2748321 5.2826741 5.6875384 6.5250175 6.1625158 5.0027705 5.7011687 4.5800553 4.8687048 4.8731971 4.9385999 4.8731971 4.9385999 
KF298275_ochlerotatus-associated_narna-like_1               0.7367923 4.0867614 4.3960533 4.7972068 4.3745087 4.2205094 4.1685824 4.1453122 4.7594344 4.3568545 3.9710996 0.0000000 2.4289050 5.1227464 4.7266270 2.5690411 5.0448304 4.4741083 2.7810012 5.1387409 4.4979244 4.8383652 4.8060756 4.5081622 3.7288244 3.7820586 4.0084158 4.1811380 4.8825662 3.8140600 5.2422336 5.3237026 4.3880055 5.4850873 6.0836729 5.3008893 5.4080062 5.3347504 4.3010081 4.1956143 4.2094688 4.2147681 4.2094688 4.2147681 
LBMM01010399_Lasius_niger                                   2.4476817 3.6339008 4.4134709 5.1377579 5.1296121 4.0943808 4.5146928 3.8229171 4.3876941 4.0132629 4.4407187 2.4289050 0.0000000 4.7366220 4.2966753 2.3897995 4.4408486 4.2442011 2.6666201 4.5968868 4.3549822 4.6452658 4.3212100 4.3210876 4.0910632 4.1357088 4.2075502 3.5603290 4.1837805 3.8012079 4.2525118 4.0138960 3.8859554 4.6404418 4.9496513 4.4561620 5.0206860 4.7994626 4.1038550 4.9832228 4.8966057 4.9862016 4.8966057 4.9862016 
NC006264_Gremmeniella_abietina_mitochondrial_RNA_virus_S2   5.3016487 4.9429462 5.5733461 5.8349740 6.2464019 5.6979585 6.0352437 5.9437311 6.1000025 5.8703652 5.5152392 5.1227464 4.7366220 0.0000000 1.3308516 5.1202907 1.2848800 1.4320384 5.1889249 2.6365692 2.6529795 2.3975920 2.2782973 2.3934617 5.4808522 5.2671748 5.5772163 4.2129624 4.6263191 4.7569682 4.9525455 4.9704947 4.3153325 2.5724265 5.8855087 5.0539230 5.2592090 5.5238127 2.4652176 3.4933805 3.4902165 3.5000659 3.4902165 3.5000659 
KP900925.1_Sclerotinia_sclerotiorum_mitovirus_18            4.8820623 6.3015980 6.5226989 5.6944034 5.6447079 6.1572588 6.7133747 5.6407099 6.5259717 6.8702168 5.7310798 4.7266270 4.2966753 1.3308516 0.0000000 5.0370974 1.1595587 0.3653550 5.2562483 2.6823632 2.7798466 2.4349446 2.0031228 2.4628178 5.8754198 6.0769780 6.3841380 4.6895687 5.1318427 4.9142318 5.2800588 4.8469503 4.8446954 2.5939575 5.7225930 5.2653107 4.7193701 5.4685871 2.2389235 3.4228545 3.3989234 3.4040768 3.3989234 3.4040768 
NC004051_Saccharomyces_20S_s                                2.7019573 3.6856528 3.8863621 4.6288269 4.7546818 3.9312494 4.4706646 3.9994237 4.4811670 4.1287984 3.4430064 2.5690411 2.3897995 5.1202907 5.0370974 0.0000000 5.3266006 4.8870427 2.3522787 5.3335181 4.8578150 4.6642170 4.8809685 5.0381169 4.1382168 4.4136195 3.9833602 4.0154730 4.4460986 3.7341450 4.1555563 4.5062229 4.3678319 5.1986435 5.5924584 5.3929503 5.3377975 5.2935642 4.8182243 4.5790810 4.5469020 4.6328019 4.5469020 4.6328019 
NC028474_Botrytis_cinerea_mitovirus_4                       5.2090436 5.1208558 5.6591799 5.4215969 5.8756246 5.6146514 6.2463918 5.5419280 6.5511380 5.8342389 5.7962083 5.0448304 4.4408486 1.2848800 1.1595587 5.3266006 0.0000000 1.1896492 5.2089864 2.6585389 2.7689683 2.4983928 2.3471203 2.4952509 5.4023832 5.6801124 5.2214699 4.4875987 5.0162332 4.8535783 5.3793251 4.9302706 4.8465131 2.7704658 6.0652887 5.3509437 5.1121492 5.3060820 2.3696857 3.4263120 3.3793140 3.3976937 3.3793140 3.3976937 
NC028471_Botrytis_cinerea_mitovirus_2                       4.9925059 6.0362222 6.2806041 5.4308810 5.4255374 5.7954522 6.7955984 5.5699291 6.3723524 5.7202948 5.8529333 4.4741083 4.2442011 1.4320384 0.3653550 4.8870427 1.1896492 0.0000000 5.0007539 2.5747964 2.6246591 2.3473387 2.1045203 2.5674206 5.4841163 6.0007471 6.3622709 4.5430429 5.3148081 4.7837432 5.3327317 4.7716578 4.6683231 2.7948876 5.9428558 5.1067714 5.4178811 5.8224922 2.3631068 3.4506775 3.4251908 3.4316253 3.4251908 3.4316253 
U90136_Saccharomyces_23Ss                                   3.0718629 3.8384341 4.3517189 3.8148281 4.1173599 3.6808247 4.7466393 3.4192762 4.4167265 3.6093547 3.7789102 2.7810012 2.6666201 5.1889249 5.2562483 2.3522787 5.2089864 5.0007539 0.0000000 5.2683332 4.4758462 3.9626311 4.4193485 4.6460760 4.1514020 4.2232885 3.9724619 4.0157915 4.4201403 3.7726187 4.2298718 4.3441374 4.4332259 5.0434168 5.5012370 4.6731074 5.8908021 6.4284076 4.3524851 4.3072914 4.1823005 4.2546758 4.1823005 4.2546758 
LN827948_Grapevine_associated_narnavirus-1                  4.8503033 4.7971903 5.1824171 5.7353485 5.7473830 6.3525782 6.4675552 5.5220828 6.5022723 5.6621687 5.2151701 5.1387409 4.5968868 2.6365692 2.6823632 5.3335181 2.6585389 2.5747964 5.2683332 0.0000000 1.3853095 2.2429617 2.4809604 2.0824141 5.0189298 5.4442141 4.6641318 4.7796557 5.0698482 4.7014737 5.9935345 4.3938153 4.5267709 1.6509598 5.2629583 4.9012426 5.7524624 5.4460434 1.6956210 3.1214877 3.1433300 3.1124931 3.1433300 3.1124931 
KP900911_Rhizoctonia_solani_mitovirus_2                     5.2166296 4.8491354 5.2313100 4.6747754 5.1794865 5.8824801 6.1651124 5.0324019 6.3613411 5.5736569 5.4026966 4.4979244 4.3549822 2.6529795 2.7798466 4.8578150 2.7689683 2.6246591 4.4758462 1.3853095 0.0000000 2.6053106 2.7144259 2.1591259 5.8630864 5.7586639 5.2519173 4.4571277 4.8050942 4.0803542 5.3683735 4.6515283 4.2998568 1.5033180 6.0813375 5.5098786 5.5268040 5.4327786 1.9619620 3.2342646 3.2818159 3.2859251 3.2818159 3.2859251 
NC015629_Tuber_aestivum_mitovirus                           4.8025785 5.0059888 5.3608318 5.5408315 5.6514979 5.5069850 6.5050460 5.3796084 6.2726745 5.3195990 5.5531982 4.8383652 4.6452658 2.3975920 2.4349446 4.6642170 2.4983928 2.3473387 3.9626311 2.2429617 2.6053106 0.0000000 2.5326279 1.8067012 4.8179328 5.6682793 4.6986957 4.2893324 5.0578213 4.5335915 5.0820378 4.7284719 4.7786864 2.4963842 5.8809454 5.5279446 5.1512843 5.2925255 2.0608181 3.1955645 3.1947735 3.1970056 3.1947735 3.1970056 
KJ462508_Sclerotinia_sclerotiorum_mitovirus_2               4.7932208 5.4435876 5.5904094 5.9375030 5.8978876 5.0995230 6.4275736 6.2109659 5.6520422 6.4991919 4.9015669 4.8060756 4.3212100 2.2782973 2.0031228 4.8809685 2.3471203 2.1045203 4.4193485 2.4809604 2.7144259 2.5326279 0.0000000 2.2592986 5.5594780 5.6515047 5.1944949 5.0089189 4.7910982 4.3675341 5.8068578 4.9975457 4.8031609 2.3668530 5.8562437 4.7988062 5.0328247 5.1632441 2.3292955 3.1494431 3.1592947 3.1351373 3.1592947 3.1351373 
KJ873059_Heterobasidion_mitovirus_1                         5.2586456 5.6558110 5.7960898 5.7827311 6.2261874 6.2505168 6.9490388 6.2042143 6.9394763 5.8515700 5.5736960 4.5081622 4.3210876 2.3934617 2.4628178 5.0381169 2.4952509 2.5674206 4.6460760 2.0824141 2.1591259 1.8067012 2.2592986 0.0000000 6.1952998 5.7865524 5.0424474 4.7815017 5.1368604 5.3797608 4.9629622 4.4282181 4.5874033 2.4741317 6.1537327 5.1951678 5.4303034 5.6576568 1.8222309 3.6584322 3.6227602 3.6662820 3.6227602 3.6662820 
EU770623_Ourmia_melon_virus                                 4.0657565 1.4371932 1.6063806 1.9042417 2.0302184 2.0214474 2.2929213 2.2160095 2.4828894 2.5298141 4.1021196 3.7288244 4.0910632 5.4808522 5.8754198 4.1382168 5.4023832 5.4841163 4.1514020 5.0189298 5.8630864 4.8179328 5.5594780 6.1952998 0.0000000 0.7451444 0.6594707 3.1975273 3.9408319 3.1093114 3.6343425 3.4909019 3.7237558 5.3464377 4.1920281 4.3830622 5.1305443 4.6379710 4.7176105 5.2599039 5.1330953 5.1997069 5.1330953 5.1997069 
FJ157981_Cassava_virus_C                                    4.3248616 1.7337426 1.8257296 2.2159850 2.3423531 2.2312680 2.4585068 2.2750171 2.7950687 2.4632843 4.5378126 3.7820586 4.1357088 5.2671748 6.0769780 4.4136195 5.6801124 6.0007471 4.2232885 5.4442141 5.7586639 5.6682793 5.6515047 5.7865524 0.7451444 0.0000000 0.8293887 3.1554823 3.6542833 3.3565235 4.3288463 3.8292640 3.7842649 5.7014513 4.6933525 4.4469054 5.1149948 4.9713263 5.1787729 5.2149700 5.1195881 5.1937675 5.1195881 5.1937675 
EU770620_Epirus_cherry_virus                                4.2403549 1.5782591 1.5838145 1.8653133 1.9593406 2.0038499 2.1213203 2.1462109 2.4997847 2.4876441 4.1003080 4.0084158 4.2075502 5.5772163 6.3841380 3.9833602 5.2214699 6.3622709 3.9724619 4.6641318 5.2519173 4.6986957 5.1944949 5.0424474 0.6594707 0.8293887 0.0000000 3.5010691 3.9593314 2.9449381 3.7291262 3.5398759 3.5607042 5.4284793 4.2734391 4.1555030 5.2163598 4.6232356 4.7666678 4.8868838 4.7658374 4.8397361 4.7658374 4.8397361 
KT598247_Soybean_leaf-associated_ourmiavirus_2              4.7193163 3.4905532 3.8447560 3.3839695 3.8192203 3.3404117 3.4386616 3.5247255 4.0244304 3.6791696 4.6860496 4.1811380 3.5603290 4.2129624 4.6895687 4.0154730 4.4875987 4.5430429 4.0157915 4.7796557 4.4571277 4.2893324 5.0089189 4.7815017 3.1975273 3.1554823 3.5010691 0.0000000 0.3519270 1.9481923 2.7960581 2.9739992 0.7162887 4.7156231 5.2579107 5.1705774 4.7092348 5.4824572 4.9382160 4.7006228 4.7309818 4.6873444 4.7309818 4.6873444 
KT598235_Soybean_leaf-associated_ourmiavirus_1              5.3935724 3.6561387 4.0846278 3.8654365 4.0864869 3.5346592 3.6655404 3.5210265 4.5020760 4.1710213 5.2436966 4.8825662 4.1837805 4.6263191 5.1318427 4.4460986 5.0162332 5.3148081 4.4201403 5.0698482 4.8050942 5.0578213 4.7910982 5.1368604 3.9408319 3.6542833 3.9593314 0.3519270 0.0000000 2.4122181 3.4685332 3.5275593 0.8426608 5.2171874 5.9655473 5.5623223 5.3821047 6.2708106 4.9108198 5.2222268 5.2323735 5.1604280 5.2323735 5.1604280 
KP900921_Rhizoctonia_solani_ourmia-like_virus_1_RNA_1       3.8125974 3.0785753 3.1142775 3.3134150 3.6172922 2.9894405 3.5930556 3.1118292 4.1255686 3.7311838 4.5791322 3.8140600 3.8012079 4.7569682 4.9142318 3.7341450 4.8535783 4.7837432 3.7726187 4.7014737 4.0803542 4.5335915 4.3675341 5.3797608 3.1093114 3.3565235 2.9449381 1.9481923 2.4122181 0.0000000 3.2468179 3.4785576 2.5042992 4.8588697 5.8196298 5.5826972 5.2855183 5.4117840 4.6331876 5.0662051 5.1142869 5.1394615 5.1142869 5.1394615 
NC028476_Botrytis_ourmia-like_virus                         5.4818623 3.6015801 3.8427386 3.6233778 4.0555712 3.4035787 3.8520054 3.6863051 4.1786154 3.7513613 4.9371581 5.2422336 4.2525118 4.9525455 5.2800588 4.1555563 5.3793251 5.3327317 4.2298718 5.9935345 5.3683735 5.0820378 5.8068578 4.9629622 3.6343425 4.3288463 3.7291262 2.7960581 3.4685332 3.2468179 0.0000000 1.2632275 3.1859288 6.0321913 6.1322133 5.5178121 5.4432639 6.0163768 5.3427139 5.0567647 4.9770946 5.0761807 4.9770946 5.0761807 
KP900929_Sclerotinia_sclerotiorum_ourmia-like_virus_2_RNA_1 5.4553838 3.1524503 3.3909128 3.8655008 3.8997181 3.6301620 3.7235180 3.5938157 4.1579194 4.0416429 5.2748321 5.3237026 4.0138960 4.9704947 4.8469503 4.5062229 4.9302706 4.7716578 4.3441374 4.3938153 4.6515283 4.7284719 4.9975457 4.4282181 3.4909019 3.8292640 3.5398759 2.9739992 3.5275593 3.4785576 1.2632275 0.0000000 2.9519628 5.1773423 5.8041295 5.0821822 4.7645630 5.4674884 4.5837320 4.6784938 4.6685801 4.6491392 4.6685801 4.6491392 
KP900928_Sclerotinia_sclerotiorum_ourmia-like_virus_1_RNA_1 5.2828934 3.5260298 3.6329213 3.4295817 3.7486213 3.4535637 3.7441812 3.4640305 3.9609197 3.7256471 5.2826741 4.3880055 3.8859554 4.3153325 4.8446954 4.3678319 4.8465131 4.6683231 4.4332259 4.5267709 4.2998568 4.7786864 4.8031609 4.5874033 3.7237558 3.7842649 3.5607042 0.7162887 0.8426608 2.5042992 3.1859288 2.9519628 0.0000000 5.0296803 5.7221608 5.2836957 5.3731790 6.5712991 5.1918414 5.2094588 5.1112570 5.1499555 5.1112570 5.1499555 
NC004046_Cryphonectria_parasitica_mitovirus_1               5.0820376 5.2157456 5.6417321 6.8247423 6.5923744 6.0608260 7.2890867 6.4554905 6.6859348 7.2265347 5.6875384 5.4850873 4.6404418 2.5724265 2.5939575 5.1986435 2.7704658 2.7948876 5.0434168 1.6509598 1.5033180 2.4963842 2.3668530 2.4741317 5.3464377 5.7014513 5.4284793 4.7156231 5.2171874 4.8588697 6.0321913 5.1773423 5.0296803 0.0000000 6.8151877 5.8847334 6.0597956 6.1060812 2.2036084 3.8068658 3.7737497 3.8133890 3.7737497 3.8133890 
X03869_Enterobacteria_phage_GA                              5.9164915 5.2214402 5.1736244 5.9120464 7.6890702 5.7978641 6.4921662 6.3268917 4.5720054 5.9447561 6.5250175 6.0836729 4.9496513 5.8855087 5.7225930 5.5924584 6.0652887 5.9428558 5.5012370 5.2629583 6.0813375 5.8809454 5.8562437 6.1537327 4.1920281 4.6933525 4.2734391 5.2579107 5.9655473 5.8196298 6.1322133 5.8041295 5.7221608 6.8151877 0.0000000 0.7596769 1.6815332 1.7125889 5.6519048 5.5658927 5.4776693 5.5624032 5.4776693 5.5624032 
NC001417_Escherichia_virus_MS2                              5.1659259 5.0779195 5.3373910 5.3423092 6.1984382 5.6952095 5.9941467 5.3095641 4.9660307 5.2315327 6.1625158 5.3008893 4.4561620 5.0539230 5.2653107 5.3929503 5.3509437 5.1067714 4.6731074 4.9012426 5.5098786 5.5279446 4.7988062 5.1951678 4.3830622 4.4469054 4.1555030 5.1705774 5.5623223 5.5826972 5.5178121 5.0821822 5.2836957 5.8847334 0.7596769 0.0000000 1.6665743 1.6126324 5.2393410 5.1796036 5.0030147 5.1422034 5.0030147 5.1422034 
NC001890_Escherichia_virus_Qbeta                            5.5892134 5.7575245 5.8842669 5.7168141 7.0328982 5.1645875 6.2325042 5.0504743 5.5787270 5.8205859 5.0027705 5.4080062 5.0206860 5.2592090 4.7193701 5.3377975 5.1121492 5.4178811 5.8908021 5.7524624 5.5268040 5.1512843 5.0328247 5.4303034 5.1305443 5.1149948 5.2163598 4.7092348 5.3821047 5.2855183 5.4432639 4.7645630 5.3731790 6.0597956 1.6815332 1.6665743 0.0000000 0.5823781 5.9875883 5.0574893 5.0422725 5.0506291 5.0422725 5.0506291 
X07489_Enterobacteria_phage_SP                              5.1747774 5.2493685 5.8370584 5.4477144 6.9575564 5.2642271 5.6494560 5.0006115 4.9617533 5.1362171 5.7011687 5.3347504 4.7994626 5.5238127 5.4685871 5.2935642 5.3060820 5.8224922 6.4284076 5.4460434 5.4327786 5.2925255 5.1632441 5.6576568 4.6379710 4.9713263 4.6232356 5.4824572 6.2708106 5.4117840 6.0163768 5.4674884 6.5712991 6.1060812 1.7125889 1.6126324 0.5823781 0.0000000 6.3731213 4.8975081 4.8109300 4.8911401 4.8109300 4.8911401 
NC004049_Ophiostoma_mitovirus_3a                            4.5209191 4.9877387 5.2422384 5.7959726 6.2105123 5.7189766 6.2201698 5.7140858 6.4646355 5.9040382 4.5800553 4.3010081 4.1038550 2.4652176 2.2389235 4.8182243 2.3696857 2.3631068 4.3524851 1.6956210 1.9619620 2.0608181 2.3292955 1.8222309 4.7176105 5.1787729 4.7666678 4.9382160 4.9108198 4.6331876 5.3427139 4.5837320 5.1918414 2.2036084 5.6519048 5.2393410 5.9875883 6.3731213 0.0000000 2.8557483 2.8146089 2.8533404 2.8146089 2.8533404 
JS1                                                         4.0336711 5.6440458 5.3114498 5.3289925 5.6885645 5.2510058 5.9713573 4.6104779 6.7468734 5.7767534 4.8687048 4.1956143 4.9832228 3.4933805 3.4228545 4.5790810 3.4263120 3.4506775 4.3072914 3.1214877 3.2342646 3.1955645 3.1494431 3.6584322 5.2599039 5.2149700 4.8868838 4.7006228 5.2222268 5.0662051 5.0567647 4.6784938 5.2094588 3.8068658 5.5658927 5.1796036 5.0574893 4.8975081 2.8557483 0.0000000 0.0107438 0.0042785 0.0107438 0.0042785 
JS2                                                         4.0388666 5.5555040 5.1942097 5.2164034 5.5631407 5.3210043 5.8072202 4.6141722 6.7045219 5.8925435 4.8731971 4.2094688 4.8966057 3.4902165 3.3989234 4.5469020 3.3793140 3.4251908 4.1823005 3.1433300 3.2818159 3.1947735 3.1592947 3.6227602 5.1330953 5.1195881 4.7658374 4.7309818 5.2323735 5.1142869 4.9770946 4.6685801 5.1112570 3.7737497 5.4776693 5.0030147 5.0422725 4.8109300 2.8146089 0.0107438 0.0000000 0.0107017 0.0000010 0.0107017 
JS3                                                         4.0840660 5.6869130 5.2810550 5.3008792 5.6577826 5.2969453 5.9491573 4.6915125 6.7586518 5.9114882 4.9385999 4.2147681 4.9862016 3.5000659 3.4040768 4.6328019 3.3976937 3.4316253 4.2546758 3.1124931 3.2859251 3.1970056 3.1351373 3.6662820 5.1997069 5.1937675 4.8397361 4.6873444 5.1604280 5.1394615 5.0761807 4.6491392 5.1499555 3.8133890 5.5624032 5.1422034 5.0506291 4.8911401 2.8533404 0.0042785 0.0107017 0.0000000 0.0107017 0.0000010 
JS4                                                         4.0388666 5.5555040 5.1942097 5.2164034 5.5631407 5.3210043 5.8072202 4.6141722 6.7045219 5.8925435 4.8731971 4.2094688 4.8966057 3.4902165 3.3989234 4.5469020 3.3793140 3.4251908 4.1823005 3.1433300 3.2818159 3.1947735 3.1592947 3.6227602 5.1330953 5.1195881 4.7658374 4.7309818 5.2323735 5.1142869 4.9770946 4.6685801 5.1112570 3.7737497 5.4776693 5.0030147 5.0422725 4.8109300 2.8146089 0.0107438 0.0000010 0.0107017 0.0000000 0.0107017 
JS5                                                         4.0840660 5.6869130 5.2810550 5.3008792 5.6577826 5.2969453 5.9491573 4.6915125 6.7586518 5.9114882 4.9385999 4.2147681 4.9862016 3.5000659 3.4040768 4.6328019 3.3976937 3.4316253 4.2546758 3.1124931 3.2859251 3.1970056 3.1351373 3.6662820 5.1997069 5.1937675 4.8397361 4.6873444 5.1604280 5.1394615 5.0761807 4.6491392 5.1499555 3.8133890 5.5624032 5.1422034 5.0506291 4.8911401 2.8533404 0.0042785 0.0107017 0.0000010 0.0107017 0.0000000 
