44
KP642119_Narnaviridae_environmental_sample                  0.0000000 4.0083453 4.5298800 5.1118745 4.6347628 4.3427603 4.5984615 4.0343816 4.9672843 4.6667989 4.0057901 0.7361762 2.4443932 5.2912226 4.8740384 2.6979775 5.2001055 4.9828093 3.0673452 4.8430026 5.2097208 4.7945978 4.7834964 5.2507683 4.0593370 4.3176321 4.2328650 4.7134330 5.3878941 3.8072251 5.4736040 5.4473664 5.2756182 5.0750642 5.9082899 5.1576200 5.5805668 5.1664387 4.5143099 4.0269893 4.0322675 4.0773527 4.0322675 4.0773527 
KX883564.1_Wuhan_spider_virus_7                             4.0083453 0.0000000 1.4245762 2.1260936 2.1338564 2.0115750 2.2781273 1.9546993 2.6413787 2.3689383 4.4614609 4.0807878 3.6285539 4.9357561 6.2898515 3.6804630 5.1122858 6.0261462 3.8327273 4.7891913 4.8411308 4.9980093 5.4353061 5.6477351 1.4357069 1.7318974 1.5765389 3.4860665 3.6510210 3.0745843 3.5961018 3.1480813 3.5206779 5.2062679 5.2140266 5.0693369 5.7452682 5.2398187 4.9804556 5.6370455 5.5489380 5.6799588 5.5489380 5.6799588 
KX883541.1_Hubei_narna-like_virus_3                         4.5298800 1.4245762 0.0000000 2.1030320 2.1527171 2.1026181 2.2722846 2.0176093 2.8394161 2.4223717 5.0617866 4.3888620 4.4063600 5.5649155 6.5127979 3.8800976 5.6505213 6.2706322 4.3430015 5.1738309 5.2234146 5.3538068 5.5795909 5.7872897 1.6045930 1.8236907 1.5820669 3.8386817 4.0788481 3.1099226 3.8366685 3.3856173 3.6268705 5.6311596 5.1635152 5.3261554 5.8737620 5.8282324 5.2341166 5.3037234 5.1865292 5.2732783 5.1865292 5.2732783 
KX883515.1_Beihai_narna-like_virus_1                        5.1118745 2.1260936 2.1030320 0.0000000 0.5903343 1.7076849 1.5665067 1.7245616 2.6855200 1.8702733 5.0459018 4.7902984 5.1297511 5.8250091 5.6855397 4.6206608 5.4124650 5.4219564 3.8086721 5.7227788 4.6680447 5.5328315 5.9268952 5.7745870 1.9019033 2.2132784 1.8629968 3.3795137 3.8606235 3.3093285 3.6175085 3.8586424 3.4247356 6.8103011 5.9029611 5.3331634 5.7108646 5.4404003 5.7866122 5.3213220 5.2087921 5.2931537 5.2087921 5.2931537 
KX883578.1_Hubei_narna-like_virus_2                         4.6347628 2.1338564 2.1527171 0.5903343 0.0000000 1.7659241 1.5426944 1.8010446 2.8195881 2.1125080 5.6594615 4.3683766 5.1224276 6.2369962 5.6344944 4.7466026 5.8680468 5.4184001 4.1109212 5.7375252 5.1695795 5.6427558 5.8878284 6.2179711 2.0277263 2.3394648 1.9569098 3.8139367 4.0811698 3.6125046 4.0495483 3.8932210 3.7434623 6.5775090 7.6760638 6.1851234 7.0244001 6.9483924 6.1996587 5.6807089 5.5552900 5.6498448 5.5552900 5.6498448 
KX883512.1_Beihai_narna-like_virus_2                        4.3427603 2.0115750 2.1026181 1.7076849 1.7659241 0.0000000 1.8401519 1.9490434 2.2929369 1.8201860 5.4388995 4.2139688 4.0883135 5.6893030 6.1456988 3.9246516 5.6073335 5.7866423 3.6746849 6.3384263 5.8721409 5.4972391 5.0905331 6.2407588 2.0190230 2.2284697 2.0013152 3.3356700 3.5298091 2.9853175 3.3983571 3.6244997 3.4489122 6.0497011 5.7883857 5.6877508 5.1547632 5.2545077 5.7097608 5.2424931 5.3120584 5.2887740 5.3120584 5.2887740 
KX883465.1_Beihai_narna-like_virus_3                        4.5984615 2.2781273 2.2722846 1.5665067 1.5426944 1.8401519 0.0000000 2.1610237 2.4755161 2.2031177 5.7739274 4.1627195 4.5082182 6.0246806 6.7038236 4.4642770 6.2381941 6.7855720 4.7386209 6.4535225 6.1540480 6.4945923 6.4194547 6.9391397 2.2900790 2.4553670 2.1187431 3.4334734 3.6604828 3.5885226 3.8459204 3.7175833 3.7396843 7.2733165 6.4778888 5.9787789 6.2207313 5.6384240 6.2124923 5.9644824 5.8006083 5.9422246 5.8006083 5.9422246 
KX883615.1_Wenzhou_narna-like_virus_1                       4.0343816 1.9546993 2.0176093 1.7245616 1.8010446 1.9490434 2.1610237 0.0000000 2.8154415 2.1140058 4.5744357 4.1384570 3.8175604 5.9321874 5.6294712 3.9929550 5.5346071 5.5591175 3.4134552 5.5116025 5.0230561 5.3719854 6.1975477 6.1926547 2.2132803 2.2722361 2.1435737 3.5192391 3.5160791 3.1076814 3.6805606 3.5885294 3.4589380 6.4442487 6.3125935 5.2992500 5.0410556 4.9908760 5.7054419 4.6028095 4.6064168 4.6836539 4.6064168 4.6836539 
KX883596.1_Hubei_narna-like_virus_4                         4.9672843 2.6413787 2.8394161 2.6855200 2.8195881 2.2929369 2.4755161 2.8154415 0.0000000 2.6747176 4.7543326 4.7513203 4.3794848 6.0865064 6.5152888 4.4736911 6.5398117 6.3639383 4.4085234 6.4908948 6.3498476 6.2609274 5.6439609 6.9299279 2.4797288 2.7913280 2.4965253 4.0181989 4.4951193 4.1190504 4.1716069 4.1508056 3.9550248 6.6735773 4.5633765 4.9566744 5.5683201 4.9537820 6.4536875 6.7363675 6.6943496 6.7481139 6.6943496 6.7481139 
KX883553.1_Shahe_narna-like_virus_1                         4.6667989 2.3689383 2.4223717 1.8702733 2.1125080 1.8201860 2.2031177 2.1140058 2.6747176 0.0000000 5.2034677 4.3495835 4.0074917 5.8613517 6.8562355 4.1208875 5.8243794 5.7100220 3.6038113 5.6500207 5.5671131 5.3116253 6.4846558 5.8417130 2.5263546 2.4600454 2.4843029 3.6737289 4.1659209 3.7257725 3.7451796 4.0351796 3.7204072 7.2154617 5.9357071 5.2223786 5.8100808 5.1263007 5.8946487 5.7676339 5.8831911 5.9017168 5.8831911 5.9017168 
NC029782_Phytophthora_infestans_RNA_virus_4                 4.0057901 4.4614609 5.0617866 5.0459018 5.6594615 5.4388995 5.7739274 4.5744357 4.7543326 5.2034677 0.0000000 3.9657549 4.4325957 5.5056922 5.7226951 3.4376418 5.7881972 5.8453008 3.7732451 5.2058053 5.3935871 5.5455263 4.8934894 5.5616306 4.0952180 4.5298014 4.0934372 4.6789062 5.2366307 4.5711367 4.9284243 5.2639102 5.2734333 5.6771051 6.5114495 6.1521164 4.9943889 5.6916318 4.5729380 4.8606734 4.8653586 4.9306818 4.8653586 4.9306818 
KF298275_ochlerotatus-associated_narna-like_1               0.7361762 4.0807878 4.3888620 4.7902984 4.3683766 4.2139688 4.1627195 4.1384570 4.7513203 4.3495835 3.9657549 0.0000000 2.4254985 5.1133325 4.7180965 2.5654668 5.0368739 4.4659857 2.7769691 5.1304060 4.4914018 4.8297324 4.7960770 4.5005853 3.7231686 3.7767365 4.0018666 4.1760194 4.8761265 3.8088593 5.2358544 5.3172986 4.3815061 5.4761381 6.0749712 5.2919066 5.3981142 5.3260014 4.2954193 4.1888113 4.2026752 4.2079618 4.2026752 4.2079618 
LBMM01010399_Lasius_niger                                   2.4443932 3.6285539 4.4063600 5.1297511 5.1224276 4.0883135 4.5082182 3.8175604 4.3794848 4.0074917 4.4325957 2.4254985 0.0000000 4.7290346 4.2902259 2.3864825 4.4347097 4.2374844 2.6627229 4.5903967 4.3491762 4.6382514 4.3147811 4.3153781 4.0850390 4.1292702 4.2009867 3.5546509 4.1763159 3.7962083 4.2467163 4.0082994 3.8797906 4.6335272 4.9431222 4.4499954 5.0111251 4.7916763 4.0978588 4.9783968 4.8917286 4.9813756 4.8917286 4.9813756 
NC006264_Gremmeniella_abietina_mitochondrial_RNA_virus_S2   5.2912226 4.9357561 5.5649155 5.8250091 6.2369962 5.6893030 6.0246806 5.9321874 6.0865064 5.8613517 5.5056922 5.1133325 4.7290346 0.0000000 1.3294236 5.1103646 1.2835263 1.4304476 5.1805373 2.6331176 2.6495762 2.3945486 2.2755048 2.3903798 5.4723867 5.2594086 5.5706110 4.2061142 4.6179653 4.7490352 4.9460215 4.9624909 4.3091113 2.5690824 5.8729201 5.0457890 5.2473638 5.5116927 2.4620983 3.4885422 3.4853304 3.4952347 3.4853304 3.4952347 
KP900925.1_Sclerotinia_sclerotiorum_mitovirus_18            4.8740384 6.2898515 6.5127979 5.6855397 5.6344944 6.1456988 6.7038236 5.6294712 6.5152888 6.8562355 5.7226951 4.7180965 4.2902259 1.3294236 0.0000000 5.0272744 1.1584133 0.3651546 5.2463524 2.6787853 2.7763364 2.4319110 2.0007588 2.4595322 5.8652325 6.0678637 6.3735154 4.6833041 5.1236976 4.9069945 5.2716988 4.8365612 4.8375357 2.5906925 5.7133459 5.2553619 4.7124149 5.4583130 2.2361838 3.4176647 3.3937472 3.3989053 3.3937472 3.3989053 
NC004051_Saccharomyces_20S_s                                2.6979775 3.6804630 3.8800976 4.6206608 4.7466026 3.9246516 4.4642770 3.9929550 4.4736911 4.1208875 3.4376418 2.5654668 2.3864825 5.1103646 5.0272744 0.0000000 5.3159018 4.8777980 2.3493013 5.3242744 4.8500241 4.6557020 4.8700439 5.0290149 4.1321099 4.4066513 3.9772646 4.0095168 4.4383730 3.7286933 4.1491216 4.4979626 4.3598175 5.1881506 5.5834570 5.3852721 5.3300055 5.2855150 4.8104638 4.5707069 4.5385935 4.6243400 4.5385935 4.6243400 
NC028474_Botrytis_cinerea_mitovirus_4                       5.2001055 5.1122858 5.6505213 5.4124650 5.8680468 5.6073335 6.2381941 5.5346071 6.5398117 5.8243794 5.7881972 5.0368739 4.4347097 1.2835263 1.1584133 5.3159018 0.0000000 1.1884530 5.1987155 2.6552374 2.7655935 2.4954949 2.3440478 2.4921920 5.3936616 5.6723779 5.2148192 4.4796337 5.0083801 4.8452533 5.3717041 4.9223647 4.8379511 2.7670991 6.0552224 5.3395178 5.1034100 5.2968512 2.3666272 3.4210247 3.3740795 3.3924286 3.3740795 3.3924286 
NC028471_Botrytis_cinerea_mitovirus_2                       4.9828093 6.0261462 6.2706322 5.4219564 5.4184001 5.7866423 6.7855720 5.5591175 6.3639383 5.7100220 5.8453008 4.4659857 4.2374844 1.4304476 0.3651546 4.8777980 1.1884530 0.0000000 4.9912666 2.5715216 2.6213654 2.3444381 2.1019510 2.5639120 5.4757078 5.9929279 6.3539509 4.5367540 5.3062909 4.7762031 5.3245442 4.7637341 4.6612140 2.7913383 5.9324943 5.0967827 5.4103053 5.8136401 2.3601666 3.4454616 3.4200039 3.4264285 3.4200039 3.4264285 
U90136_Saccharomyces_23Ss                                   3.0673452 3.8327273 4.3430015 3.8086721 4.1109212 3.6746849 4.7386209 3.4134552 4.4085234 3.6038113 3.7732451 2.7769691 2.6627229 5.1805373 5.2463524 2.3493013 5.1987155 4.9912666 0.0000000 5.2582357 4.4678634 3.9566316 4.4106423 4.6391465 4.1441042 4.2165658 3.9659882 4.0105088 4.4141196 3.7671570 4.2235027 4.3379506 4.4267667 5.0353470 5.4931441 4.6665406 5.8833157 6.4202756 4.3449139 4.3004757 4.1757376 4.2480577 4.1757376 4.2480577 
LN827948_Grapevine_associated_narnavirus-1                  4.8430026 4.7891913 5.1738309 5.7227788 5.7375252 6.3384263 6.4535225 5.5116025 6.4908948 5.6500207 5.2058053 5.1304060 4.5903967 2.6331176 2.6787853 5.3242744 2.6552374 2.5715216 5.2582357 0.0000000 1.3838437 2.2403129 2.4778319 2.0799697 5.0105130 5.4371651 4.6565367 4.7717046 5.0591844 4.6935873 5.9804027 4.3863805 4.5197469 1.6491080 5.2502452 4.8915239 5.7409115 5.4366355 1.6937552 3.1168267 3.1386823 3.1078422 3.1386823 3.1078422 
KP900911_Rhizoctonia_solani_mitovirus_2                     5.2097208 4.8411308 5.2234146 4.6680447 5.1695795 5.8721409 6.1540480 5.0230561 6.3498476 5.5671131 5.3935871 4.4914018 4.3491762 2.6495762 2.7763364 4.8500241 2.7655935 2.6213654 4.4678634 1.3838437 0.0000000 2.6023368 2.7110300 2.1565218 5.8550750 5.7499122 5.2432416 4.4495719 4.7977932 4.0741697 5.3597568 4.6430266 4.2931985 1.5016454 6.0720409 5.4996244 5.5186100 5.4237012 1.9597857 3.2297979 3.2772265 3.2813901 3.2772265 3.2813901 
NC015629_Tuber_aestivum_mitovirus                           4.7945978 4.9980093 5.3538068 5.5328315 5.6427558 5.4972391 6.4945923 5.3719854 6.2609274 5.3116253 5.5455263 4.8297324 4.6382514 2.3945486 2.4319110 4.6557020 2.4954949 2.3444381 3.9566316 2.2403129 2.6023368 0.0000000 2.5292391 1.8046778 4.8109036 5.6593940 4.6923040 4.2822626 5.0506899 4.5266187 5.0744588 4.7203591 4.7705569 2.4933096 5.8698118 5.5165238 5.1411080 5.2826803 2.0584874 3.1910488 3.1902491 3.1924894 3.1902491 3.1924894 
KJ462508_Sclerotinia_sclerotiorum_mitovirus_2               4.7834964 5.4353061 5.5795909 5.9268952 5.8878284 5.0905331 6.4194547 6.1975477 5.6439609 6.4846558 4.8934894 4.7960770 4.3147811 2.2755048 2.0007588 4.8700439 2.3440478 2.1019510 4.4106423 2.4778319 2.7110300 2.5292391 0.0000000 2.2564435 5.5511138 5.6391580 5.1848722 5.0002116 4.7835910 4.3611996 5.7955648 4.9882671 4.7955643 2.3638543 5.8431455 4.7899420 5.0215078 5.1529160 2.3262918 3.1452235 3.1550134 3.1309259 3.1550134 3.1309259 
KJ873059_Heterobasidion_mitovirus_1                         5.2507683 5.6477351 5.7872897 5.7745870 6.2179711 6.2407588 6.9391397 6.1926547 6.9299279 5.8417130 5.5616306 4.5005853 4.3153781 2.3903798 2.4595322 5.0290149 2.4921920 2.5639120 4.6391465 2.0799697 2.1565218 1.8046778 2.2564435 0.0000000 6.1862300 5.7776863 5.0347606 4.7728206 5.1303066 5.3716334 4.9578280 4.4206437 4.5812198 2.4710951 6.1401326 5.1851324 5.4210354 5.6474502 1.8201444 3.6526903 3.6172304 3.6605183 3.6172304 3.6605183 
EU770623_Ourmia_melon_virus                                 4.0593370 1.4357069 1.6045930 1.9019033 2.0277263 2.0190230 2.2900790 2.2132803 2.4797288 2.5263546 4.0952180 3.7231686 4.0850390 5.4723867 5.8652325 4.1321099 5.3936616 5.4757078 4.1441042 5.0105130 5.8550750 4.8109036 5.5511138 6.1862300 0.0000000 0.7445379 0.6589971 3.1928042 3.9348279 3.1051587 3.6289386 3.4855958 3.7179600 5.3360860 4.1838455 4.3748182 5.1210726 4.6301874 4.7118452 5.2513802 5.1247781 5.1914761 5.1247781 5.1914761 
FJ157981_Cassava_virus_C                                    4.3176321 1.7318974 1.8236907 2.2132784 2.3394648 2.2284697 2.4553670 2.2722361 2.7913280 2.4600454 4.5298014 3.7767365 4.1292702 5.2594086 6.0678637 4.4066513 5.6723779 5.9929279 4.2165658 5.4371651 5.7499122 5.6593940 5.6391580 5.7776863 0.7445379 0.0000000 0.8286986 3.1515704 3.6495066 3.3521719 4.3221588 3.8233517 3.7784519 5.6898110 4.6837193 4.4389980 5.1056991 4.9625407 5.1693984 5.2081305 5.1128799 5.1865442 5.1128799 5.1865442 
EU770620_Epirus_cherry_virus                                4.2328650 1.5765389 1.5820669 1.8629968 1.9569098 2.0013152 2.1187431 2.1435737 2.4965253 2.4843029 4.0934372 4.0018666 4.2009867 5.5706110 6.3735154 3.9772646 5.2148192 6.3539509 3.9659882 4.6565367 5.2432416 4.6923040 5.1848722 5.0347606 0.6589971 0.8286986 0.0000000 3.4956168 3.9532042 2.9410039 3.7228415 3.5343944 3.5546493 5.4167204 4.2653209 4.1484113 5.2074776 4.6167292 4.7593953 4.8788890 4.7583025 4.8317049 4.7583025 4.8317049 
KT598247_Soybean_leaf-associated_ourmiavirus_2              4.7134330 3.4860665 3.8386817 3.3795137 3.8139367 3.3356700 3.4334734 3.5192391 4.0181989 3.6737289 4.6789062 4.1760194 3.5546509 4.2061142 4.6833041 4.0095168 4.4796337 4.5367540 4.0105088 4.7717046 4.4495719 4.2822626 5.0002116 4.7728206 3.1928042 3.1515704 3.4956168 0.0000000 0.3517379 1.9459649 2.7921957 2.9701134 0.7157084 4.7064317 5.2504908 5.1617719 4.7021948 5.4753241 4.9284301 4.6924264 4.7223267 4.6791244 4.7223267 4.6791244 
KT598235_Soybean_leaf-associated_ourmiavirus_1              5.3878941 3.6510210 4.0788481 3.8606235 4.0811698 3.5298091 3.6604828 3.5160791 4.4951193 4.1659209 5.2366307 4.8761265 4.1763159 4.6179653 5.1236976 4.4383730 5.0083801 5.3062909 4.4141196 5.0591844 4.7977932 5.0506899 4.7835910 5.1303066 3.9348279 3.6495066 3.9532042 0.3517379 0.0000000 2.4093623 3.4640121 3.5226392 0.8419090 5.2087922 5.9548320 5.5527017 5.3720955 6.2603724 4.9030264 5.2122383 5.2219567 5.1503809 5.2219567 5.1503809 
KP900921_Rhizoctonia_solani_ourmia-like_virus_1_RNA_1       3.8072251 3.0745843 3.1099226 3.3093285 3.6125046 2.9853175 3.5885226 3.1076814 4.1190504 3.7257725 4.5711367 3.8088593 3.7962083 4.7490352 4.9069945 3.7286933 4.8452533 4.7762031 3.7671570 4.6935873 4.0741697 4.5266187 4.3611996 5.3716334 3.1051587 3.3521719 2.9410039 1.9459649 2.4093623 0.0000000 3.2420519 3.4738061 2.5011281 4.8501673 5.8107100 5.5743026 5.2768878 5.4022444 4.6258663 5.0585963 5.1066873 5.1318765 5.1066873 5.1318765 
NC028476_Botrytis_ourmia-like_virus                         5.4736040 3.5961018 3.8366685 3.6175085 4.0495483 3.3983571 3.8459204 3.6805606 4.1716069 3.7451796 4.9284243 5.2358544 4.2467163 4.9460215 5.2716988 4.1491216 5.3717041 5.3245442 4.2235027 5.9804027 5.3597568 5.0744588 5.7955648 4.9578280 3.6289386 4.3221588 3.7228415 2.7921957 3.4640121 3.2420519 0.0000000 1.2618870 3.1817025 6.0225236 6.1258960 5.5087487 5.4336841 6.0057061 5.3353173 5.0472356 4.9678794 5.0666173 4.9678794 5.0666173 
KP900929_Sclerotinia_sclerotiorum_ourmia-like_virus_2_RNA_1 5.4473664 3.1480813 3.3856173 3.8586424 3.8932210 3.6244997 3.7175833 3.5885294 4.1508056 4.0351796 5.2639102 5.3172986 4.0082994 4.9624909 4.8365612 4.4979626 4.9223647 4.7637341 4.3379506 4.3863805 4.6430266 4.7203591 4.9882671 4.4206437 3.4855958 3.8233517 3.5343944 2.9701134 3.5226392 3.4738061 1.2618870 0.0000000 2.9478826 5.1667027 5.7940970 5.0743361 4.7553813 5.4574409 4.5756871 4.6698049 4.6594643 4.6404988 4.6594643 4.6404988 
KP900928_Sclerotinia_sclerotiorum_ourmia-like_virus_1_RNA_1 5.2756182 3.5206779 3.6268705 3.4247356 3.7434623 3.4489122 3.7396843 3.4589380 3.9550248 3.7204072 5.2734333 4.3815061 3.8797906 4.3091113 4.8375357 4.3598175 4.8379511 4.6612140 4.4267667 4.5197469 4.2931985 4.7705569 4.7955643 4.5812198 3.7179600 3.7784519 3.5546493 0.7157084 0.8419090 2.5011281 3.1817025 2.9478826 0.0000000 5.0201032 5.7142369 5.2739396 5.3633351 6.5574885 5.1824765 5.1999461 5.1016575 5.1403911 5.1016575 5.1403911 
NC004046_Cryphonectria_parasitica_mitovirus_1               5.0750642 5.2062679 5.6311596 6.8103011 6.5775090 6.0497011 7.2733165 6.4442487 6.6735773 7.2154617 5.6771051 5.4761381 4.6335272 2.5690824 2.5906925 5.1881506 2.7670991 2.7913383 5.0353470 1.6491080 1.5016454 2.4933096 2.3638543 2.4710951 5.3360860 5.6898110 5.4167204 4.7064317 5.2087922 4.8501673 6.0225236 5.1667027 5.0201032 0.0000000 6.8037951 5.8745138 6.0487202 6.0965799 2.2008695 3.8010564 3.7679200 3.8075766 3.7679200 3.8075766 
X03869_Enterobacteria_phage_GA                              5.9082899 5.2140266 5.1635152 5.9029611 7.6760638 5.7883857 6.4778888 6.3125935 4.5633765 5.9357071 6.5114495 6.0749712 4.9431222 5.8729201 5.7133459 5.5834570 6.0552224 5.9324943 5.4931441 5.2502452 6.0720409 5.8698118 5.8431455 6.1401326 4.1838455 4.6837193 4.2653209 5.2504908 5.9548320 5.8107100 6.1258960 5.7940970 5.7142369 6.8037951 0.0000000 0.7590530 1.6796745 1.7106958 5.6407588 5.5567195 5.4691095 5.5532262 5.4691095 5.5532262 
NC001417_Escherichia_virus_MS2                              5.1576200 5.0693369 5.3261554 5.3331634 6.1851234 5.6877508 5.9787789 5.2992500 4.9566744 5.2223786 6.1521164 5.2919066 4.4499954 5.0457890 5.2553619 5.3852721 5.3395178 5.0967827 4.6665406 4.8915239 5.4996244 5.5165238 4.7899420 5.1851324 4.3748182 4.4389980 4.1484113 5.1617719 5.5527017 5.5743026 5.5087487 5.0743361 5.2739396 5.8745138 0.7590530 0.0000000 1.6647200 1.6109213 5.2305901 5.1722682 4.9959026 5.1348271 4.9959026 5.1348271 
NC001890_Escherichia_virus_Qbeta                            5.5805668 5.7452682 5.8737620 5.7108646 7.0244001 5.1547632 6.2207313 5.0410556 5.5683201 5.8100808 4.9943889 5.3981142 5.0111251 5.2473638 4.7124149 5.3300055 5.1034100 5.4103053 5.8833157 5.7409115 5.5186100 5.1411080 5.0215078 5.4210354 5.1210726 5.1056991 5.2074776 4.7021948 5.3720955 5.2768878 5.4336841 4.7553813 5.3633351 6.0487202 1.6796745 1.6647200 0.0000000 0.5819359 5.9777471 5.0488530 5.0336394 5.0416406 5.0336394 5.0416406 
X07489_Enterobacteria_phage_SP                              5.1664387 5.2398187 5.8282324 5.4404003 6.9483924 5.2545077 5.6384240 4.9908760 4.9537820 5.1263007 5.6916318 5.3260014 4.7916763 5.5116927 5.4583130 5.2855150 5.2968512 5.8136401 6.4202756 5.4366355 5.4237012 5.2826803 5.1529160 5.6474502 4.6301874 4.9625407 4.6167292 5.4753241 6.2603724 5.4022444 6.0057061 5.4574409 6.5574885 6.0965799 1.7106958 1.6109213 0.5819359 0.0000000 6.3620480 4.8889769 4.8026513 4.8822914 4.8026513 4.8822914 
NC004049_Ophiostoma_mitovirus_3a                            4.5143099 4.9804556 5.2341166 5.7866122 6.1996587 5.7097608 6.2124923 5.7054419 6.4536875 5.8946487 4.5729380 4.2954193 4.0978588 2.4620983 2.2361838 4.8104638 2.3666272 2.3601666 4.3449139 1.6937552 1.9597857 2.0584874 2.3262918 1.8201444 4.7118452 5.1693984 4.7593953 4.9284301 4.9030264 4.6258663 5.3353173 4.5756871 5.1824765 2.2008695 5.6407588 5.2305901 5.9777471 6.3620480 0.0000000 2.8517241 2.8106558 2.8493184 2.8106558 2.8493184 
JS1                                                         4.0269893 5.6370455 5.3037234 5.3213220 5.6807089 5.2424931 5.9644824 4.6028095 6.7363675 5.7676339 4.8606734 4.1888113 4.9783968 3.4885422 3.4176647 4.5707069 3.4210247 3.4454616 4.3004757 3.1168267 3.2297979 3.1910488 3.1452235 3.6526903 5.2513802 5.2081305 4.8788890 4.6924264 5.2122383 5.0585963 5.0472356 4.6698049 5.1999461 3.8010564 5.5567195 5.1722682 5.0488530 4.8889769 2.8517241 0.0000000 0.0107436 0.0042784 0.0107436 0.0042784 
JS2                                                         4.0322675 5.5489380 5.1865292 5.2087921 5.5552900 5.3120584 5.8006083 4.6064168 6.6943496 5.8831911 4.8653586 4.2026752 4.8917286 3.4853304 3.3937472 4.5385935 3.3740795 3.4200039 4.1757376 3.1386823 3.2772265 3.1902491 3.1550134 3.6172304 5.1247781 5.1128799 4.7583025 4.7223267 5.2219567 5.1066873 4.9678794 4.6594643 5.1016575 3.7679200 5.4691095 4.9959026 5.0336394 4.8026513 2.8106558 0.0107436 0.0000000 0.0107016 0.0000010 0.0107016 
JS3                                                         4.0773527 5.6799588 5.2732783 5.2931537 5.6498448 5.2887740 5.9422246 4.6836539 6.7481139 5.9017168 4.9306818 4.2079618 4.9813756 3.4952347 3.3989053 4.6243400 3.3924286 3.4264285 4.2480577 3.1078422 3.2813901 3.1924894 3.1309259 3.6605183 5.1914761 5.1865442 4.8317049 4.6791244 5.1503809 5.1318765 5.0666173 4.6404988 5.1403911 3.8075766 5.5532262 5.1348271 5.0416406 4.8822914 2.8493184 0.0042784 0.0107016 0.0000000 0.0107016 0.0000010 
JS4                                                         4.0322675 5.5489380 5.1865292 5.2087921 5.5552900 5.3120584 5.8006083 4.6064168 6.6943496 5.8831911 4.8653586 4.2026752 4.8917286 3.4853304 3.3937472 4.5385935 3.3740795 3.4200039 4.1757376 3.1386823 3.2772265 3.1902491 3.1550134 3.6172304 5.1247781 5.1128799 4.7583025 4.7223267 5.2219567 5.1066873 4.9678794 4.6594643 5.1016575 3.7679200 5.4691095 4.9959026 5.0336394 4.8026513 2.8106558 0.0107436 0.0000010 0.0107016 0.0000000 0.0107016 
JS5                                                         4.0773527 5.6799588 5.2732783 5.2931537 5.6498448 5.2887740 5.9422246 4.6836539 6.7481139 5.9017168 4.9306818 4.2079618 4.9813756 3.4952347 3.3989053 4.6243400 3.3924286 3.4264285 4.2480577 3.1078422 3.2813901 3.1924894 3.1309259 3.6605183 5.1914761 5.1865442 4.8317049 4.6791244 5.1503809 5.1318765 5.0666173 4.6404988 5.1403911 3.8075766 5.5532262 5.1348271 5.0416406 4.8822914 2.8493184 0.0042784 0.0107016 0.0000010 0.0107016 0.0000000 
