44
KP642119_Narnaviridae_environmental_sample                  0.0000000 4.2843197 4.8018131 5.3026357 4.8456453 4.5437325 4.7288700 4.2127226 5.1366269 4.9837000 4.2743184 0.7439573 2.4818528 5.4752079 5.0994825 2.8288526 5.4149165 5.2348079 3.1485210 5.1508813 5.5359741 5.0950657 5.0076646 5.5179370 4.2708661 4.5582176 4.3917925 4.9050698 5.6115604 3.9498909 5.7342407 5.6088830 5.4069632 5.4464212 6.0584127 5.5012972 5.7768909 5.4275483 4.8644824 4.2359867 4.2469698 4.2892552 4.2469698 4.2892552 
KX883564.1_Wuhan_spider_virus_7                             4.2843197 0.0000000 1.4807255 2.1745168 2.1822836 2.0953818 2.3557389 2.0826826 2.7658954 2.5091602 4.7339268 4.2722655 3.6641597 5.1295901 6.5986143 3.8099883 5.2775615 6.2689641 3.9202896 5.0428675 5.0037394 5.2151098 5.7038676 5.8431101 1.4662502 1.7398437 1.5815513 3.5948622 3.7702667 3.1628389 3.8433524 3.2767136 3.5786487 5.6911991 5.2871283 5.2163707 5.9894891 5.6092775 5.0288296 6.0018632 5.9071513 6.0428398 5.9071513 6.0428398 
KX883541.1_Hubei_narna-like_virus_3                         4.8018131 1.4807255 0.0000000 2.2151937 2.2599048 2.2381340 2.3423858 2.1502403 2.9622637 2.5444567 5.3585196 4.6260917 4.6736566 5.8991920 7.0165437 4.0282226 5.9135611 6.7433647 4.5922725 5.5332227 5.5391011 5.6479902 5.7741160 6.1624556 1.7014368 1.9064747 1.6700379 4.0972916 4.2656021 3.1872647 4.0448192 3.5213205 3.7541383 6.0762280 5.3773774 5.5443185 6.3401538 6.2642727 5.5141154 5.5527735 5.4358874 5.5184430 5.4358874 5.5184430 
KX883515.1_Beihai_narna-like_virus_1                        5.3026357 2.1745168 2.2151937 0.0000000 0.5898661 1.7552577 1.5984563 1.8055962 2.7814587 1.8992238 5.2992071 4.9611980 5.2238597 6.1095647 5.9476900 4.6686765 5.6259973 5.6227030 3.8812381 5.9316014 4.8280950 5.8724686 6.1114448 5.8821551 1.9547738 2.2821531 1.9086794 3.4846167 4.0100288 3.3599623 3.7969266 3.8713338 3.5398038 7.3711378 6.1768797 5.4980855 5.9781987 5.6218767 5.8268405 5.4663299 5.3546708 5.4293538 5.3546708 5.4293538 
KX883578.1_Hubei_narna-like_virus_2                         4.8456453 2.1822836 2.2599048 0.5898661 0.0000000 1.8070448 1.5703971 1.8567774 2.9608328 2.1869003 5.9009315 4.5665250 5.2515438 6.4608235 5.8123673 4.9322210 5.9630655 5.5698857 4.2296549 6.0152461 5.3160350 5.8777342 6.1100903 6.3621523 2.0874958 2.3983918 2.0281190 3.9290167 4.2389036 3.6692030 4.2237376 3.9358546 3.8491109 7.0953903 7.9646675 6.4657569 7.4117623 7.3631341 6.3072650 5.8788679 5.7533604 5.8382211 5.7533604 5.8382211 
KX883512.1_Beihai_narna-like_virus_2                        4.5437325 2.0953818 2.2381340 1.7552577 1.8070448 0.0000000 1.9139941 2.0381921 2.3833935 1.9067431 5.5433506 4.3938593 4.2613281 5.8595797 6.3738376 4.0350567 5.7869245 5.9833150 3.8010344 6.6683504 6.1755059 5.5871513 5.2145203 6.4435663 2.1137298 2.3073494 2.0597896 3.4770395 3.5618716 3.0690516 3.5579884 3.8173065 3.5412226 6.4030165 6.0350031 5.9377530 5.3718174 5.5582568 5.8597853 5.4760013 5.5499934 5.5245796 5.5499934 5.5245796 
KX883465.1_Beihai_narna-like_virus_3                        4.7288700 2.3557389 2.3423858 1.5984563 1.5703971 1.9139941 0.0000000 2.2067172 2.5246790 2.3033217 6.0201694 4.2820688 4.6414762 6.1966000 6.7605370 4.6493637 6.4745951 6.8929811 4.8016627 6.7453031 6.4271401 6.6931369 6.6186609 7.1761929 2.3488896 2.5505460 2.1670925 3.5545857 3.8007395 3.6673736 3.9712596 3.8581047 3.8169081 7.6863725 6.5991968 6.1978956 6.4965100 5.8510201 6.3979066 6.0995314 5.9558201 6.0812409 5.9558201 6.0812409 
KX883615.1_Wenzhou_narna-like_virus_1                       4.2127226 2.0826826 2.1502403 1.8055962 1.8567774 2.0381921 2.2067172 0.0000000 2.9269775 2.2441078 4.8351423 4.3052230 3.9422095 6.0904613 5.7922775 4.0894256 5.6117072 5.7069512 3.5361221 5.8992010 5.2585914 5.7127044 6.4952286 6.5831705 2.3253863 2.3865853 2.2118021 3.6767804 3.5857648 3.1492763 3.8564574 3.7343485 3.6102779 6.8711644 6.4089677 5.4985934 5.1967479 5.1939577 5.8384759 4.8065596 4.8220516 4.8920221 4.8220516 4.8920221 
KX883596.1_Hubei_narna-like_virus_4                         5.1366269 2.7658954 2.9622637 2.7814587 2.9608328 2.3833935 2.5246790 2.9269775 0.0000000 2.7763696 5.0032611 4.8690503 4.5257426 6.4540361 6.8646689 4.6141956 6.9005291 6.7023369 4.5445291 6.9476470 6.5534922 6.5738146 5.9483463 7.3161606 2.5726024 2.8761700 2.6085417 4.1148362 4.6752990 4.3222845 4.4106413 4.3684181 4.0414837 7.1153800 4.7259535 5.1679204 5.8680913 5.2615949 6.8035968 7.0732304 7.0443446 7.0810153 7.0443446 7.0810153 
KX883553.1_Shahe_narna-like_virus_1                         4.9837000 2.5091602 2.5444567 1.8992238 2.1869003 1.9067431 2.3033217 2.2441078 2.7763696 0.0000000 5.2818443 4.5385319 4.1638826 6.1405894 7.0584509 4.2856588 6.0208635 5.8636391 3.7319091 6.0304977 5.8764819 5.6762310 6.7361846 6.1478709 2.5971634 2.5621267 2.5753118 3.8493898 4.3943261 3.8645330 3.9108084 4.1704327 3.9702887 7.6884531 6.1304202 5.5311303 6.0452872 5.3107205 6.1559790 5.9952667 6.1177276 6.1342633 6.1177276 6.1342633 
NC029782_Phytophthora_infestans_RNA_virus_4                 4.2743184 4.7339268 5.3585196 5.2992071 5.9009315 5.5433506 6.0201694 4.8351423 5.0032611 5.2818443 0.0000000 4.1061368 4.6502562 5.8390012 6.2184339 3.5196914 6.1450187 6.2230120 3.8163394 5.4524339 5.6095815 5.9763160 5.2846673 5.8970725 4.3175633 4.7443115 4.2969345 5.0033292 5.7225658 4.6832027 5.1938584 5.5068480 5.5687687 6.0115517 6.8108937 6.5112144 5.2637371 5.9326258 4.8307968 5.2753944 5.3001811 5.3534708 5.3001811 5.3534708 
KF298275_ochlerotatus-associated_narna-like_1               0.7439573 4.2722655 4.6260917 4.9611980 4.5665250 4.3938593 4.2820688 4.3052230 4.8690503 4.5385319 4.1061368 0.0000000 2.4983425 5.1803347 4.8603347 2.6842436 5.1446491 4.5793591 2.8464179 5.4109135 4.6195164 5.0928695 4.9781520 4.7945877 3.8937678 3.9707386 4.1131279 4.2626117 4.9927597 3.9410407 5.5599273 5.5827839 4.4530996 5.7871708 6.2030984 5.4410032 5.6267334 5.5797372 4.5249267 4.2959182 4.3177561 4.3282816 4.3177561 4.3282816 
LBMM01010399_Lasius_niger                                   2.4818528 3.6641597 4.6736566 5.2238597 5.2515438 4.2613281 4.6414762 3.9422095 4.5257426 4.1638826 4.6502562 2.4983425 0.0000000 4.9050983 4.4933313 2.4707392 4.5745526 4.4468443 2.7072622 4.9483400 4.4356237 4.7717108 4.4484221 4.5280278 4.1726533 4.1737602 4.2429471 3.7215010 4.4074559 3.8431020 4.4707900 4.2946180 4.0135412 4.7922114 5.1068875 4.6366976 5.0986479 4.9842529 4.3126931 5.1816697 5.0910201 5.1723310 5.0910201 5.1723310 
NC006264_Gremmeniella_abietina_mitochondrial_RNA_virus_S2   5.4752079 5.1295901 5.8991920 6.1095647 6.4608235 5.8595797 6.1966000 6.0904613 6.4540361 6.1405894 5.8390012 5.1803347 4.9050983 0.0000000 1.3554366 5.2514847 1.3381788 1.4604146 5.3768177 2.7571118 2.6969882 2.4746622 2.3973937 2.4389777 5.6103506 5.4702651 5.8178941 4.1674176 4.6028561 4.7623199 5.1681544 5.0487763 4.3673086 2.7478278 6.2408552 5.2771205 5.4997098 5.8424787 2.5880414 3.6576840 3.6438955 3.6596833 3.6438955 3.6596833 
KP900925.1_Sclerotinia_sclerotiorum_mitovirus_18            5.0994825 6.5986143 7.0165437 5.9476900 5.8123673 6.3738376 6.7605370 5.7922775 6.8646689 7.0584509 6.2184339 4.8603347 4.4933313 1.3554366 0.0000000 5.2638772 1.1905909 0.3665656 5.6501676 2.7491777 2.8448369 2.5377641 2.1092663 2.5219098 6.0776942 6.3524881 6.5543125 4.7076593 5.1439677 5.0836824 5.4984569 4.9463931 4.8938503 2.7486610 6.0270998 5.4824944 4.9304203 5.6843183 2.3352984 3.5826784 3.5627801 3.5725766 3.5627801 3.5725766 
NC004051_Saccharomyces_20S_s                                2.8288526 3.8099883 4.0282226 4.6686765 4.9322210 4.0350567 4.6493637 4.0894256 4.6141956 4.2856588 3.5196914 2.6842436 2.4707392 5.2514847 5.2638772 0.0000000 5.4821996 5.0215681 2.3558763 5.4683211 5.0353077 4.9288766 4.9453108 5.2002364 4.2063658 4.4806682 4.0133598 4.2540807 4.6442743 3.8140745 4.2163674 4.6780546 4.4623523 5.4900982 5.8617374 5.5059765 5.5175019 5.5338803 5.0996859 4.6679387 4.6516353 4.7229040 4.6516353 4.7229040 
NC028474_Botrytis_cinerea_mitovirus_4                       5.4149165 5.2775615 5.9135611 5.6259973 5.9630655 5.7869245 6.4745951 5.6117072 6.9005291 6.0208635 6.1450187 5.1446491 4.5745526 1.3381788 1.1905909 5.4821996 0.0000000 1.1997513 5.5632072 2.7575204 2.8546490 2.6014293 2.4635073 2.6031667 5.6270305 5.8298693 5.4426498 4.5728550 5.0873655 4.9569842 5.5884561 4.9689325 4.9622832 2.9379714 6.2340795 5.5552221 5.3923078 5.5870926 2.4453183 3.5339791 3.4918278 3.5116673 3.4918278 3.5116673 
NC028471_Botrytis_cinerea_mitovirus_2                       5.2348079 6.2689641 6.7433647 5.6227030 5.5698857 5.9833150 6.8929811 5.7069512 6.7023369 5.8636391 6.2230120 4.5793591 4.4468443 1.4604146 0.3665656 5.0215681 1.1997513 0.0000000 5.2469086 2.6910153 2.6730651 2.4184284 2.2062098 2.6582258 5.7477900 6.2154406 6.6785928 4.6386913 5.3998700 4.9255077 5.5460675 4.8444573 4.7990834 2.9897391 6.2624623 5.2798319 5.6079206 5.9917631 2.4870582 3.6097241 3.5820864 3.5994365 3.5820864 3.5994365 
U90136_Saccharomyces_23Ss                                   3.1485210 3.9202896 4.5922725 3.8812381 4.2296549 3.8010344 4.8016627 3.5361221 4.5445291 3.7319091 3.8163394 2.8464179 2.7072622 5.3768177 5.6501676 2.3558763 5.5632072 5.2469086 0.0000000 5.5875423 4.6240165 4.1225179 4.6579511 4.8037845 4.2217338 4.2700436 4.0386769 4.0197382 4.4776317 3.8177846 4.2976159 4.4984096 4.5268754 5.3982560 5.7036721 4.8700910 6.1764937 6.7892845 4.5408993 4.4831800 4.3627899 4.4249300 4.3627899 4.4249300 
LN827948_Grapevine_associated_narnavirus-1                  5.1508813 5.0428675 5.5332227 5.9316014 6.0152461 6.6683504 6.7453031 5.8992010 6.9476470 6.0304977 5.4524339 5.4109135 4.9483400 2.7571118 2.7491777 5.4683211 2.7575204 2.6910153 5.5875423 0.0000000 1.4243353 2.3571138 2.5169331 2.1227739 5.1688709 5.6570801 4.8522136 5.0430917 5.2937915 4.7291763 6.3640650 4.5929377 4.6646605 1.7192089 5.6463618 5.2520371 6.2221995 5.9529208 1.7745641 3.2182427 3.2398708 3.2130156 3.2398708 3.2130156 
KP900911_Rhizoctonia_solani_mitovirus_2                     5.5359741 5.0037394 5.5391011 4.8280950 5.3160350 6.1755059 6.4271401 5.2585914 6.5534922 5.8764819 5.6095815 4.6195164 4.4356237 2.6969882 2.8448369 5.0353077 2.8546490 2.6730651 4.6240165 1.4243353 0.0000000 2.7171249 2.7732696 2.2255161 5.9783609 5.9185200 5.3549372 4.5360871 4.9667695 4.1665377 5.7112865 4.8231114 4.4122644 1.5659672 6.4387632 5.7621624 5.9051639 5.8296572 2.0356569 3.3332729 3.3748067 3.3855734 3.3748067 3.3855734 
NC015629_Tuber_aestivum_mitovirus                           5.0950657 5.2151098 5.6479902 5.8724686 5.8777342 5.5871513 6.6931369 5.7127044 6.5738146 5.6762310 5.9763160 5.0928695 4.7717108 2.4746622 2.5377641 4.9288766 2.6014293 2.4184284 4.1225179 2.3571138 2.7171249 0.0000000 2.6720680 1.8943570 4.9965679 5.8976600 4.8805316 4.4459138 5.1949072 4.7124390 5.3472620 4.9226333 4.8530448 2.5969523 6.2515448 5.8281081 5.3744555 5.5741546 2.1606079 3.3806625 3.3833046 3.3788511 3.3833046 3.3788511 
KJ462508_Sclerotinia_sclerotiorum_mitovirus_2               5.0076646 5.7038676 5.7741160 6.1114448 6.1100903 5.2145203 6.6186609 6.4952286 5.9483463 6.7361846 5.2846673 4.9781520 4.4484221 2.3973937 2.1092663 4.9453108 2.4635073 2.2062098 4.6579511 2.5169331 2.7732696 2.6720680 0.0000000 2.3504473 5.7003166 5.7473865 5.3539270 5.0698982 4.9013124 4.4242084 5.9868361 5.1347828 4.9890917 2.4800581 6.3352516 5.0646531 5.2394980 5.4995532 2.3884405 3.3417152 3.3547169 3.3292226 3.3547169 3.3292226 
KJ873059_Heterobasidion_mitovirus_1                         5.5179370 5.8431101 6.1624556 5.8821551 6.3621523 6.4435663 7.1761929 6.5831705 7.3161606 6.1478709 5.8970725 4.7945877 4.5280278 2.4389777 2.5219098 5.2002364 2.6031667 2.6582258 4.8037845 2.1227739 2.2255161 1.8943570 2.3504473 0.0000000 6.3511598 5.9367596 5.1452556 4.8018111 5.2545107 5.4029730 5.2405539 4.6503327 4.6709568 2.5292140 6.5596054 5.4962814 5.6405214 5.9374095 1.8371111 3.7915263 3.7564814 3.7985177 3.7564814 3.7985177 
EU770623_Ourmia_melon_virus                                 4.2708661 1.4662502 1.7014368 1.9547738 2.0874958 2.1137298 2.3488896 2.3253863 2.5726024 2.5971634 4.3175633 3.8937678 4.1726533 5.6103506 6.0776942 4.2063658 5.6270305 5.7477900 4.2217338 5.1688709 5.9783609 4.9965679 5.7003166 6.3511598 0.0000000 0.7660447 0.6550669 3.3574234 4.1329095 3.1637200 3.8241031 3.6313490 3.8571989 5.6349404 4.2972363 4.4897090 5.3805450 4.9167515 4.8612227 5.2964707 5.1744436 5.2406051 5.1744436 5.2406051 
FJ157981_Cassava_virus_C                                    4.5582176 1.7398437 1.9064747 2.2821531 2.3983918 2.3073494 2.5505460 2.3865853 2.8761700 2.5621267 4.7443115 3.9707386 4.1737602 5.4702651 6.3524881 4.4806682 5.8298693 6.2154406 4.2700436 5.6570801 5.9185200 5.8976600 5.7473865 5.9367596 0.7660447 0.0000000 0.8331250 3.2657420 3.7336907 3.4138655 4.5642574 3.9552328 3.8449858 5.9978562 4.7496423 4.5761121 5.2135961 5.3091477 5.3657455 5.2129719 5.1164335 5.1846941 5.1164335 5.1846941 
EU770620_Epirus_cherry_virus                                4.3917925 1.5815513 1.6700379 1.9086794 2.0281190 2.0597896 2.1670925 2.2118021 2.6085417 2.5753118 4.2969345 4.1131279 4.2429471 5.8178941 6.5543125 4.0133598 5.4426498 6.6785928 4.0386769 4.8522136 5.3549372 4.8805316 5.3539270 5.1452556 0.6550669 0.8331250 0.0000000 3.6791058 4.0365440 3.0237915 3.8476221 3.6515118 3.6528141 5.7454851 4.3831542 4.1871694 5.2727215 4.7524347 4.8657703 4.8872218 4.7763557 4.8414889 4.7763557 4.8414889 
KT598247_Soybean_leaf-associated_ourmiavirus_2              4.9050698 3.5948622 4.0972916 3.4846167 3.9290167 3.4770395 3.5545857 3.6767804 4.1148362 3.8493898 5.0033292 4.2626117 3.7215010 4.1674176 4.7076593 4.2540807 4.5728550 4.6386913 4.0197382 5.0430917 4.5360871 4.4459138 5.0698982 4.8018111 3.3574234 3.2657420 3.6791058 0.0000000 0.3547108 1.9696532 2.8722925 3.1047575 0.7270565 4.8166070 5.4270574 5.3303983 4.8507027 5.8129070 5.2402792 5.1276117 5.1656549 5.1163147 5.1656549 5.1163147 
KT598235_Soybean_leaf-associated_ourmiavirus_1              5.6115604 3.7702667 4.2656021 4.0100288 4.2389036 3.5618716 3.8007395 3.5857648 4.6752990 4.3943261 5.7225658 4.9927597 4.4074559 4.6028561 5.1439677 4.6442743 5.0873655 5.3998700 4.4776317 5.2937915 4.9667695 5.1949072 4.9013124 5.2545107 4.1329095 3.7336907 4.0365440 0.3547108 0.0000000 2.4660531 3.4703080 3.6016522 0.8444120 5.3873996 6.1521129 5.6307737 5.5222046 6.5479057 5.1115649 5.5903800 5.5912130 5.5196790 5.5912130 5.5196790 
KP900921_Rhizoctonia_solani_ourmia-like_virus_1_RNA_1       3.9498909 3.1628389 3.1872647 3.3599623 3.6692030 3.0690516 3.6673736 3.1492763 4.3222845 3.8645330 4.6832027 3.9410407 3.8431020 4.7623199 5.0836824 3.8140745 4.9569842 4.9255077 3.8177846 4.7291763 4.1665377 4.7124390 4.4242084 5.4029730 3.1637200 3.4138655 3.0237915 1.9696532 2.4660531 0.0000000 3.3459701 3.6755684 2.5652221 5.0587817 6.0111837 5.6935266 5.5196546 5.5289351 4.8148892 5.2317691 5.2784545 5.3058326 5.2784545 5.3058326 
NC028476_Botrytis_ourmia-like_virus                         5.7342407 3.8433524 4.0448192 3.7969266 4.2237376 3.5579884 3.9712596 3.8564574 4.4106413 3.9108084 5.1938584 5.5599273 4.4707900 5.1681544 5.4984569 4.2163674 5.5884561 5.5460675 4.2976159 6.3640650 5.7112865 5.3472620 5.9868361 5.2405539 3.8241031 4.5642574 3.8476221 2.8722925 3.4703080 3.3459701 0.0000000 1.2833722 3.2361810 6.2859495 6.3300079 5.8432718 5.6246318 6.3861716 5.6293198 5.2953349 5.2024663 5.3070706 5.2024663 5.3070706 
KP900929_Sclerotinia_sclerotiorum_ourmia-like_virus_2_RNA_1 5.6088830 3.2767136 3.5213205 3.8713338 3.9358546 3.8173065 3.8581047 3.7343485 4.3684181 4.1704327 5.5068480 5.5827839 4.2946180 5.0487763 4.9463931 4.6780546 4.9689325 4.8444573 4.4984096 4.5929377 4.8231114 4.9226333 5.1347828 4.6503327 3.6313490 3.9552328 3.6515118 3.1047575 3.6016522 3.6755684 1.2833722 0.0000000 3.0589844 5.3625888 6.0597512 5.4221856 4.8753876 5.5724442 4.8144226 4.8021504 4.7841901 4.7633783 4.7841901 4.7633783 
KP900928_Sclerotinia_sclerotiorum_ourmia-like_virus_1_RNA_1 5.4069632 3.5786487 3.7541383 3.5398038 3.8491109 3.5412226 3.8169081 3.6102779 4.0414837 3.9702887 5.5687687 4.4530996 4.0135412 4.3673086 4.8938503 4.4623523 4.9622832 4.7990834 4.5268754 4.6646605 4.4122644 4.8530448 4.9890917 4.6709568 3.8571989 3.8449858 3.6528141 0.7270565 0.8444120 2.5652221 3.2361810 3.0589844 0.0000000 5.1489946 5.6946381 5.3630211 5.5271844 6.8402525 5.4463672 5.5046854 5.3907489 5.4371192 5.3907489 5.4371192 
NC004046_Cryphonectria_parasitica_mitovirus_1               5.4464212 5.6911991 6.0762280 7.3711378 7.0953903 6.4030165 7.6863725 6.8711644 7.1153800 7.6884531 6.0115517 5.7871708 4.7922114 2.7478278 2.7486610 5.4900982 2.9379714 2.9897391 5.3982560 1.7192089 1.5659672 2.5969523 2.4800581 2.5292140 5.6349404 5.9978562 5.7454851 4.8166070 5.3873996 5.0587817 6.2859495 5.3625888 5.1489946 0.0000000 7.5028432 6.4619590 6.4593462 6.5072561 2.2907764 3.9824686 3.9439618 3.9881107 3.9439618 3.9881107 
X03869_Enterobacteria_phage_GA                              6.0584127 5.2871283 5.3773774 6.1768797 7.9646675 6.0350031 6.5991968 6.4089677 4.7259535 6.1304202 6.8108937 6.2030984 5.1068875 6.2408552 6.0270998 5.8617374 6.2340795 6.2624623 5.7036721 5.6463618 6.4387632 6.2515448 6.3352516 6.5596054 4.2972363 4.7496423 4.3831542 5.4270574 6.1521129 6.0111837 6.3300079 6.0597512 5.6946381 7.5028432 0.0000000 0.7822177 1.7493532 1.7902792 5.9407786 5.7261242 5.6413111 5.7164968 5.6413111 5.7164968 
NC001417_Escherichia_virus_MS2                              5.5012972 5.2163707 5.5443185 5.4980855 6.4657569 5.9377530 6.1978956 5.4985934 5.1679204 5.5311303 6.5112144 5.4410032 4.6366976 5.2771205 5.4824944 5.5059765 5.5552221 5.2798319 4.8700910 5.2520371 5.7621624 5.8281081 5.0646531 5.4962814 4.4897090 4.5761121 4.1871694 5.3303983 5.6307737 5.6935266 5.8432718 5.4221856 5.3630211 6.4619590 0.7822177 0.0000000 1.7026307 1.6863300 5.4540661 5.4756310 5.3081125 5.4342921 5.3081125 5.4342921 
NC001890_Escherichia_virus_Qbeta                            5.7768909 5.9894891 6.3401538 5.9781987 7.4117623 5.3718174 6.4965100 5.1967479 5.8680913 6.0452872 5.2637371 5.6267334 5.0986479 5.4997098 4.9304203 5.5175019 5.3923078 5.6079206 6.1764937 6.2221995 5.9051639 5.3744555 5.2394980 5.6405214 5.3805450 5.2135961 5.2727215 4.8507027 5.5222046 5.5196546 5.6246318 4.8753876 5.5271844 6.4593462 1.7493532 1.7026307 0.0000000 0.5862860 6.4476687 5.3129203 5.3121216 5.3115565 5.3121216 5.3115565 
X07489_Enterobacteria_phage_SP                              5.4275483 5.6092775 6.2642727 5.6218767 7.3631341 5.5582568 5.8510201 5.1939577 5.2615949 5.3107205 5.9326258 5.5797372 4.9842529 5.8424787 5.6843183 5.5338803 5.5870926 5.9917631 6.7892845 5.9529208 5.8296572 5.5741546 5.4995532 5.9374095 4.9167515 5.3091477 4.7524347 5.8129070 6.5479057 5.5289351 6.3861716 5.5724442 6.8402525 6.5072561 1.7902792 1.6863300 0.5862860 0.0000000 6.8334153 5.1256663 5.0469581 5.1244444 5.0469581 5.1244444 
NC004049_Ophiostoma_mitovirus_3a                            4.8644824 5.0288296 5.5141154 5.8268405 6.3072650 5.8597853 6.3979066 5.8384759 6.8035968 6.1559790 4.8307968 4.5249267 4.3126931 2.5880414 2.3352984 5.0996859 2.4453183 2.4870582 4.5408993 1.7745641 2.0356569 2.1606079 2.3884405 1.8371111 4.8612227 5.3657455 4.8657703 5.2402792 5.1115649 4.8148892 5.6293198 4.8144226 5.4463672 2.2907764 5.9407786 5.4540661 6.4476687 6.8334153 0.0000000 2.9763949 2.9351052 2.9704084 2.9351052 2.9704084 
JS1                                                         4.2359867 6.0018632 5.5527735 5.4663299 5.8788679 5.4760013 6.0995314 4.8065596 7.0732304 5.9952667 5.2753944 4.2959182 5.1816697 3.6576840 3.5826784 4.6679387 3.5339791 3.6097241 4.4831800 3.2182427 3.3332729 3.3806625 3.3417152 3.7915263 5.2964707 5.2129719 4.8872218 5.1276117 5.5903800 5.2317691 5.2953349 4.8021504 5.5046854 3.9824686 5.7261242 5.4756310 5.3129203 5.1256663 2.9763949 0.0000000 0.0108069 0.0043056 0.0108069 0.0043056 
JS2                                                         4.2469698 5.9071513 5.4358874 5.3546708 5.7533604 5.5499934 5.9558201 4.8220516 7.0443446 6.1177276 5.3001811 4.3177561 5.0910201 3.6438955 3.5627801 4.6516353 3.4918278 3.5820864 4.3627899 3.2398708 3.3748067 3.3833046 3.3547169 3.7564814 5.1744436 5.1164335 4.7763557 5.1656549 5.5912130 5.2784545 5.2024663 4.7841901 5.3907489 3.9439618 5.6413111 5.3081125 5.3121216 5.0469581 2.9351052 0.0108069 0.0000000 0.0107737 0.0000010 0.0107737 
JS3                                                         4.2892552 6.0428398 5.5184430 5.4293538 5.8382211 5.5245796 6.0812409 4.8920221 7.0810153 6.1342633 5.3534708 4.3282816 5.1723310 3.6596833 3.5725766 4.7229040 3.5116673 3.5994365 4.4249300 3.2130156 3.3855734 3.3788511 3.3292226 3.7985177 5.2406051 5.1846941 4.8414889 5.1163147 5.5196790 5.3058326 5.3070706 4.7633783 5.4371192 3.9881107 5.7164968 5.4342921 5.3115565 5.1244444 2.9704084 0.0043056 0.0107737 0.0000000 0.0107737 0.0000010 
JS4                                                         4.2469698 5.9071513 5.4358874 5.3546708 5.7533604 5.5499934 5.9558201 4.8220516 7.0443446 6.1177276 5.3001811 4.3177561 5.0910201 3.6438955 3.5627801 4.6516353 3.4918278 3.5820864 4.3627899 3.2398708 3.3748067 3.3833046 3.3547169 3.7564814 5.1744436 5.1164335 4.7763557 5.1656549 5.5912130 5.2784545 5.2024663 4.7841901 5.3907489 3.9439618 5.6413111 5.3081125 5.3121216 5.0469581 2.9351052 0.0108069 0.0000010 0.0107737 0.0000000 0.0107737 
JS5                                                         4.2892552 6.0428398 5.5184430 5.4293538 5.8382211 5.5245796 6.0812409 4.8920221 7.0810153 6.1342633 5.3534708 4.3282816 5.1723310 3.6596833 3.5725766 4.7229040 3.5116673 3.5994365 4.4249300 3.2130156 3.3855734 3.3788511 3.3292226 3.7985177 5.2406051 5.1846941 4.8414889 5.1163147 5.5196790 5.3058326 5.3070706 4.7633783 5.4371192 3.9881107 5.7164968 5.4342921 5.3115565 5.1244444 2.9704084 0.0043056 0.0107737 0.0000010 0.0107737 0.0000000 
