44
KP642119_Narnaviridae_environmental_sample                  0.0000000 4.2961441 4.8150310 5.3177086 4.8573802 4.5559869 4.7405222 4.2245886 5.1532672 4.9971011 4.2844208 0.7452614 2.4880334 5.4930766 5.1139159 2.8361695 5.4306696 5.2517111 3.1568982 5.1633228 5.5465658 5.1086984 5.0242711 5.5310059 4.2832107 4.5709800 4.4054857 4.9159922 5.6231477 3.9599093 5.7481312 5.6246444 5.4210585 5.4586943 6.0712675 5.5135925 5.7898203 5.4403286 4.8760065 4.2460319 4.2567373 4.2991465 4.2567373 4.2991465 
KX883564.1_Wuhan_spider_virus_7                             4.2961441 0.0000000 1.4835048 2.1794015 2.1866803 2.0989977 2.3606432 2.0865909 2.7725060 2.5147156 4.7476007 4.2841676 3.6738423 5.1431870 6.6180364 3.8199215 5.2930885 6.2866910 3.9307352 5.0570244 5.0176429 5.2294030 5.7187499 5.8571737 1.4690137 1.7430144 1.5847746 3.6022804 3.7787635 3.1699856 3.8529963 3.2848433 3.5888339 5.7078629 5.3000105 5.2298720 6.0072396 5.6233816 5.0428532 6.0143994 5.9190426 6.0551716 5.9190426 6.0551716 
KX883541.1_Hubei_narna-like_virus_3                         4.8150310 1.4835048 0.0000000 2.2200579 2.2647142 2.2427763 2.3472739 2.1542843 2.9697803 2.5498149 5.3735434 4.6387057 4.6868131 5.9156373 7.0338912 4.0397943 5.9294416 6.7599615 4.6075666 5.5478684 5.5524853 5.6612079 5.7932163 6.1771270 1.7047568 1.9099900 1.6733528 4.1072740 4.2751973 3.1952464 4.0563458 3.5315707 3.7659293 6.0920706 5.3938840 5.5617496 6.3566912 6.2779443 5.5291027 5.5676502 5.4505005 5.5333059 5.4505005 5.5333059 
KX883515.1_Beihai_narna-like_virus_1                        5.3177086 2.1794015 2.2200579 0.0000000 0.5907786 1.7586098 1.6016334 1.8089249 2.7882596 1.9031907 5.3108000 4.9736559 5.2377698 6.1269724 5.9644522 4.6831432 5.6420760 5.6392879 3.8928336 5.9507697 4.8406076 5.8848978 6.1304381 5.8963623 1.9592672 2.2871196 1.9132345 3.4921910 4.0183785 3.3668806 3.8086009 3.8835499 3.5484602 7.3904499 6.1898215 5.5124209 5.9881405 5.6340486 5.8426291 5.4795334 5.3677527 5.4426069 5.3677527 5.4426069 
KX883578.1_Hubei_narna-like_virus_2                         4.8573802 2.1866803 2.2647142 0.5907786 0.0000000 1.8103713 1.5735542 1.8605040 2.9678180 2.1911634 5.9118813 4.5772879 5.2648852 6.4775626 5.8314979 4.9470896 5.9781316 5.5849993 4.2417582 6.0311929 5.3332852 5.8923198 6.1280847 6.3772685 2.0921399 2.4036363 2.0327650 3.9376047 4.2475671 3.6776175 4.2348523 3.9469803 3.8577685 7.1163375 7.9795626 6.4855685 7.4251139 7.3770016 6.3256441 5.8914529 5.7659184 5.8508961 5.7659184 5.8508961 
KX883512.1_Beihai_narna-like_virus_2                        4.5559869 2.0989977 2.2427763 1.7586098 1.8103713 0.0000000 1.9179092 2.0422237 2.3885105 1.9109743 5.5639046 4.4063190 4.2733486 5.8767163 6.3942669 4.0476011 5.8026764 5.9997353 3.8128085 6.6906570 6.1941333 5.6044427 5.2312598 6.4614750 2.1181074 2.3124557 2.0646082 3.4856973 3.5711395 3.0768359 3.5677452 3.8284742 3.5499509 6.4218910 6.0506617 5.9506535 5.3887470 5.5749402 5.8775139 5.4909671 5.5653479 5.5389646 5.5653479 5.5389646 
KX883465.1_Beihai_narna-like_virus_3                        4.7405222 2.3606432 2.3472739 1.6016334 1.5735542 1.9179092 0.0000000 2.2113891 2.5306891 2.3084592 6.0334834 4.2920338 4.6533311 6.2154059 6.7776732 4.6614726 6.4903346 6.9109621 4.8164319 6.7659554 6.4444708 6.7101339 6.6332952 7.1924770 2.3540393 2.5560200 2.1716425 3.5635601 3.8093230 3.6751236 3.9821253 3.8689846 3.8250074 7.7072002 6.6205915 6.2222929 6.5155676 5.8698246 6.4123029 6.1112524 5.9672219 6.0931218 5.9672219 6.0931218 
KX883615.1_Wenzhou_narna-like_virus_1                       4.2245886 2.0865909 2.1542843 1.8089249 1.8605040 2.0422237 2.2113891 0.0000000 2.9344707 2.2486795 4.8486530 4.3175504 3.9521919 6.1099947 5.8132663 4.1018052 5.6267923 5.7271799 3.5476652 5.9156273 5.2743974 5.7258334 6.5174305 6.6015664 2.3303032 2.3913383 2.2167149 3.6859419 3.5940574 3.1566392 3.8672902 3.7440041 3.6192961 6.8878540 6.4296710 5.5158365 5.2122560 5.2100453 5.8548206 4.8202727 4.8357533 4.9059521 4.8357533 4.9059521 
KX883596.1_Hubei_narna-like_virus_4                         5.1532672 2.7725060 2.9697803 2.7882596 2.9678180 2.3885105 2.5306891 2.9344707 0.0000000 2.7833479 5.0193031 4.8835218 4.5411074 6.4773987 6.8834444 4.6290316 6.9198118 6.7176506 4.5601376 6.9659307 6.5730414 6.5939200 5.9636205 7.3327386 2.5781752 2.8829456 2.6146797 4.1260520 4.6875598 4.3332334 4.4235040 4.3819266 4.0524194 7.1328452 4.7418623 5.1850395 5.8849435 5.2749666 6.8208610 7.0894614 7.0598985 7.0971199 7.0598985 7.0971199 
KX883553.1_Shahe_narna-like_virus_1                         4.9971011 2.5147156 2.5498149 1.9031907 2.1911634 1.9109743 2.3084592 2.2486795 2.7833479 0.0000000 5.2981136 4.5523764 4.1753261 6.1562222 7.0800322 4.2997436 6.0371081 5.8808588 3.7427644 6.0497320 5.8888278 5.6904403 6.7563232 6.1646975 2.6038748 2.5681364 2.5816457 3.8597813 4.4033993 3.8744845 3.9219748 4.1820990 3.9798484 7.7015458 6.1465336 5.5476235 6.0626192 5.3275462 6.1707179 6.0091076 6.1316636 6.1486810 6.1316636 6.1486810 
NC029782_Phytophthora_infestans_RNA_virus_4                 4.2844208 4.7476007 5.3735434 5.3108000 5.9118813 5.5639046 6.0334834 4.8486530 5.0193031 5.2981136 0.0000000 4.1162248 4.6649511 5.8556225 6.2322260 3.5297041 6.1586138 6.2363487 3.8265757 5.4682250 5.6249544 5.9906823 5.2990765 5.9158204 4.3308819 4.7590252 4.3093084 5.0165482 5.7354789 4.6973370 5.2096706 5.5254788 5.5847736 6.0289114 6.8311288 6.5269682 5.2788751 5.9485790 4.8439554 5.2884027 5.3128182 5.3662771 5.3128182 5.3662771 
KF298275_ochlerotatus-associated_narna-like_1               0.7452614 4.2841676 4.6387057 4.9736559 4.5772879 4.4063190 4.2920338 4.3175504 4.8835218 4.5523764 4.1162248 0.0000000 2.5048527 5.1974974 4.8763093 2.6910612 5.1591811 4.5949199 2.8544058 5.4244544 4.6314042 5.1086732 4.9953858 4.8079590 3.9039556 3.9797441 4.1247365 4.2726935 5.0053917 3.9507162 5.5710378 5.5953183 4.4659324 5.8028336 6.2185736 5.4559146 5.6431149 5.5952187 4.5343198 4.3062255 4.3280621 4.3385795 4.3280621 4.3385795 
LBMM01010399_Lasius_niger                                   2.4880334 3.6738423 4.6868131 5.2377698 5.2648852 4.2733486 4.6533311 3.9521919 4.5411074 4.1753261 4.6649511 2.5048527 0.0000000 4.9198523 4.5061114 2.4771110 4.5866054 4.4593838 2.7149417 4.9595713 4.4464540 4.7845076 4.4612732 4.5392725 4.1839926 4.1855574 4.2550991 3.7324458 4.4214270 3.8526561 4.4807978 4.3051731 4.0252295 4.8044108 5.1184980 4.6476545 5.1150490 4.9978984 4.3230779 5.1906393 5.0998228 5.1812885 5.0998228 5.1812885 
NC006264_Gremmeniella_abietina_mitochondrial_RNA_virus_S2   5.4930766 5.1431870 5.9156373 6.1269724 6.4775626 5.8767163 6.2154059 6.1099947 6.4773987 6.1562222 5.8556225 5.1974974 4.9198523 0.0000000 1.3582786 5.2697128 1.3408703 1.4634852 5.3925638 2.7629256 2.7031106 2.4799003 2.4021887 2.4446336 5.6269535 5.4847002 5.8325483 4.1802078 4.6186266 4.7787374 5.1817927 5.0641969 4.3795954 2.7536371 6.2605429 5.2912066 5.5208256 5.8625003 2.5935510 3.6662349 3.6526806 3.6681952 3.6526806 3.6681952 
KP900925.1_Sclerotinia_sclerotiorum_mitovirus_18            5.1139159 6.6180364 7.0338912 5.9644522 5.8314979 6.3942669 6.7776732 5.8132663 6.8834444 7.0800322 6.2322260 4.8763093 4.5061114 1.3582786 0.0000000 5.2812981 1.1928455 0.3670028 5.6674587 2.7554707 2.8508133 2.5429932 2.1134883 2.5279947 6.0970043 6.3694093 6.5743165 4.7199256 5.1590450 5.0976406 5.5134747 4.9659422 4.9075025 2.7540145 6.0422940 5.4994307 4.9434730 5.7011627 2.3400397 3.5922639 3.5723900 3.5821704 3.5723900 3.5821704 
NC004051_Saccharomyces_20S_s                                2.8361695 3.8199215 4.0397943 4.6831432 4.9470896 4.0476011 4.6614726 4.1018052 4.6290316 4.2997436 3.5297041 2.6910612 2.4771110 5.2697128 5.2812981 0.0000000 5.5006559 5.0379062 2.3611146 5.4845164 5.0498423 4.9448739 4.9645882 5.2160950 4.2180511 4.4938037 4.0247360 4.2666941 4.6597771 3.8246212 4.2288793 4.6929085 4.4784853 5.5072564 5.8775742 5.5217999 5.5338362 5.5499403 5.1125838 4.6826730 4.6660173 4.7375766 4.6660173 4.7375766 
NC028474_Botrytis_cinerea_mitovirus_4                       5.4306696 5.2930885 5.9294416 5.6420760 5.9781316 5.8026764 6.4903346 5.6267923 6.9198118 6.0371081 6.1586138 5.1591811 4.5866054 1.3408703 1.1928455 5.5006559 0.0000000 1.2021422 5.5810091 2.7628880 2.8602816 2.6058494 2.4691517 2.6079942 5.6442392 5.8440861 5.4562257 4.5881132 5.1029354 4.9737991 5.6028876 4.9830256 4.9776543 2.9429817 6.2506886 5.5747788 5.4081143 5.6024726 2.4507768 3.5440936 3.5019253 3.5217907 3.5019253 3.5217907 
NC028471_Botrytis_cinerea_mitovirus_2                       5.2517111 6.2866910 6.7599615 5.6392879 5.5849993 5.9997353 6.9109621 5.7271799 6.7176506 5.8808588 6.2363487 4.5949199 4.4593838 1.4634852 0.3670028 5.0379062 1.2021422 0.0000000 5.2636692 2.6963215 2.6787845 2.4233297 2.2108618 2.6644798 5.7634732 6.2304111 6.6951417 4.6510137 5.4160453 4.9397152 5.5604273 4.8600089 4.8123254 2.9955973 6.2789318 5.2967326 5.6235618 6.0079818 2.4919810 3.6195141 3.5918984 3.6092321 3.5918984 3.6092321 
U90136_Saccharomyces_23Ss                                   3.1568982 3.9307352 4.6075666 3.8928336 4.2417582 3.8128085 4.8164319 3.5476652 4.5601376 3.7427644 3.8265757 2.8544058 2.7149417 5.3925638 5.6674587 2.3611146 5.5810091 5.2636692 0.0000000 5.6034873 4.6388817 4.1334080 4.6727001 4.8151795 4.2353324 4.2823307 4.0508047 4.0314860 4.4912951 3.8284333 4.3101392 4.5104794 4.5408015 5.4116601 5.7189436 4.8828523 6.1914757 6.8039736 4.5530027 4.4946172 4.3737515 4.4361156 4.3737515 4.4361156 
LN827948_Grapevine_associated_narnavirus-1                  5.1633228 5.0570244 5.5478684 5.9507697 6.0311929 6.6906570 6.7659554 5.9156273 6.9659307 6.0497320 5.4682250 5.4244544 4.9595713 2.7629256 2.7554707 5.4845164 2.7628880 2.6963215 5.6034873 0.0000000 1.4271749 2.3612808 2.5225076 2.1269288 5.1851173 5.6703060 4.8659983 5.0551074 5.3100329 4.7429507 6.3829305 4.6055203 4.6750344 1.7225474 5.6645721 5.2685329 6.2422046 5.9688183 1.7778051 3.2272647 3.2489569 3.2220288 3.2489569 3.2220288 
KP900911_Rhizoctonia_solani_mitovirus_2                     5.5465658 5.0176429 5.5524853 4.8406076 5.3332852 6.1941333 6.4444708 5.2743974 6.5730414 5.8888278 5.6249544 4.6314042 4.4464540 2.7031106 2.8508133 5.0498423 2.8602816 2.6787845 4.6388817 1.4271749 0.0000000 2.7212806 2.7791687 2.2299764 5.9941440 5.9344972 5.3700436 4.5491386 4.9796098 4.1780562 5.7259928 4.8382077 4.4233468 1.5691637 6.4542678 5.7793524 5.9207435 5.8453078 2.0391514 3.3418633 3.3837325 3.3943139 3.3837325 3.3943139 
NC015629_Tuber_aestivum_mitovirus                           5.1086984 5.2294030 5.6612079 5.8848978 5.8923198 5.6044427 6.7101339 5.7258334 6.5939200 5.6904403 5.9906823 5.1086732 4.7845076 2.4799003 2.5429932 4.9448739 2.6058494 2.4233297 4.1334080 2.3612808 2.7212806 0.0000000 2.6780290 1.8977914 5.0099231 5.9138898 4.8928202 4.4582599 5.2084548 4.7253283 5.3602854 4.9374551 4.8674963 2.6021104 6.2690069 5.8473157 5.3939209 5.5919866 2.1641600 3.3890084 3.3916528 3.3872031 3.3916528 3.3872031 
KJ462508_Sclerotinia_sclerotiorum_mitovirus_2               5.0242711 5.7187499 5.7932163 6.1304381 6.1280847 5.2312598 6.6332952 6.5174305 5.9636205 6.7563232 5.2990765 4.9953858 4.4612732 2.4021887 2.1134883 4.9645882 2.4691517 2.2108618 4.6727001 2.5225076 2.7791687 2.6780290 0.0000000 2.3554122 5.7179484 5.7688947 5.3713500 5.0862395 4.9162711 4.4358171 6.0057301 5.1515920 5.0031810 2.4854864 6.3575626 5.0811180 5.2616290 5.5189061 2.3939925 3.3487215 3.3618810 3.3362385 3.3618810 3.3362385 
KJ873059_Heterobasidion_mitovirus_1                         5.5310059 5.8571737 6.1771270 5.8963623 6.3772685 6.4614750 7.1924770 6.6015664 7.3327386 6.1646975 5.9158204 4.8079590 4.5392725 2.4446336 2.5279947 5.2160950 2.6079942 2.6644798 4.8151795 2.1269288 2.2299764 1.8977914 2.3554122 0.0000000 6.3679644 5.9524405 5.1589619 4.8160962 5.2665797 5.4176263 5.2515917 4.6637308 4.6815279 2.5343520 6.5793999 5.5130699 5.6568720 5.9551063 1.8408616 3.8017914 3.7663927 3.8087503 3.7663927 3.8087503 
EU770623_Ourmia_melon_virus                                 4.2832107 1.4690137 1.7047568 1.9592672 2.0921399 2.1181074 2.3540393 2.3303032 2.5781752 2.6038748 4.3308819 3.9039556 4.1839926 5.6269535 6.0970043 4.2180511 5.6442392 5.7634732 4.2353324 5.1851173 5.9941440 5.0099231 5.7179484 6.3679644 0.0000000 0.7673558 0.6560909 3.3659386 4.1435626 3.1715758 3.8339081 3.6416758 3.8678321 5.6528751 4.3132741 4.5060929 5.3982343 4.9312533 4.8735691 5.3127146 5.1903125 5.2565179 5.1903125 5.2565179 
FJ157981_Cassava_virus_C                                    4.5709800 1.7430144 1.9099900 2.2871196 2.4036363 2.3124557 2.5560200 2.3913383 2.8829456 2.5681364 4.7590252 3.9797441 4.1855574 5.4847002 6.3694093 4.4938037 5.8440861 6.2304111 4.2823307 5.6703060 5.9344972 5.9138898 5.7688947 5.9524405 0.7673558 0.0000000 0.8345893 3.2723970 3.7420291 3.4216235 4.5763927 3.9666459 3.8558091 6.0163300 4.7669324 4.5905703 5.2294796 5.3232905 5.3819883 5.2263521 5.1295586 5.1984653 5.1295586 5.1984653 
EU770620_Epirus_cherry_virus                                4.4054857 1.5847746 1.6733528 1.9132345 2.0327650 2.0646082 2.1716425 2.2167149 2.6146797 2.5816457 4.3093084 4.1247365 4.2550991 5.8325483 6.5743165 4.0247360 5.4562257 6.6951417 4.0508047 4.8659983 5.3700436 4.8928202 5.3713500 5.1589619 0.6560909 0.8345893 0.0000000 3.6884952 4.0479107 3.0312345 3.8586345 3.6614345 3.6641463 5.7641654 4.3990357 4.2008850 5.2884306 4.7648539 4.8795737 4.9016371 4.7901354 4.8559225 4.7901354 4.8559225 
KT598247_Soybean_leaf-associated_ourmiavirus_2              4.9159922 3.6022804 4.1072740 3.4921910 3.9376047 3.4856973 3.5635601 3.6859419 4.1260520 3.8597813 5.0165482 4.2726935 3.7324458 4.1802078 4.7199256 4.2666941 4.5881132 4.6510137 4.0314860 5.0551074 4.5491386 4.4582599 5.0862395 4.8160962 3.3659386 3.2723970 3.6884952 0.0000000 0.3551178 1.9732941 2.8796737 3.1117125 0.7283188 4.8322877 5.4415367 5.3473775 4.8659106 5.8288813 5.2559379 5.1381900 5.1767933 5.1269109 5.1767933 5.1269109 
KT598235_Soybean_leaf-associated_ourmiavirus_1              5.6231477 3.7787635 4.2751973 4.0183785 4.2475671 3.5711395 3.8093230 3.5940574 4.6875598 4.4033993 5.7354789 5.0053917 4.4214270 4.6186266 5.1590450 4.6597771 5.1029354 5.4160453 4.4912951 5.3100329 4.9796098 5.2084548 4.9162711 5.2665797 4.1435626 3.7420291 4.0479107 0.3551178 0.0000000 2.4706671 3.4791156 3.6106484 0.8460452 5.4020088 6.1724384 5.6492132 5.5412568 6.5660514 5.1247170 5.6049319 5.6063222 5.5342886 5.6063222 5.5342886 
KP900921_Rhizoctonia_solani_ourmia-like_virus_1_RNA_1       3.9599093 3.1699856 3.1952464 3.3668806 3.6776175 3.0768359 3.6751236 3.1566392 4.3332334 3.8744845 4.6973370 3.9507162 3.8526561 4.7787374 5.0976406 3.8246212 4.9737991 4.9397152 3.8284333 4.7429507 4.1780562 4.7253283 4.4358171 5.4176263 3.1715758 3.4216235 3.0312345 1.9732941 2.4706671 0.0000000 3.3551685 3.6841480 2.5706739 5.0736484 6.0269972 5.7092990 5.5347118 5.5449451 4.8279032 5.2448219 5.2913334 5.3186619 5.2913334 5.3186619 
NC028476_Botrytis_ourmia-like_virus                         5.7481312 3.8529963 4.0563458 3.8086009 4.2348523 3.5677452 3.9821253 3.8672902 4.4235040 3.9219748 5.2096706 5.5710378 4.4807978 5.1817927 5.5134747 4.2288793 5.6028876 5.5604273 4.3101392 6.3829305 5.7259928 5.3602854 6.0057301 5.2515917 3.8339081 4.5763927 3.8586345 2.8796737 3.4791156 3.3551685 0.0000000 1.2862625 3.2443142 6.3014169 6.3423401 5.8589531 5.6415687 6.4038546 5.6424476 5.3109746 5.2176175 5.3226834 5.2176175 5.3226834 
KP900929_Sclerotinia_sclerotiorum_ourmia-like_virus_2_RNA_1 5.6246444 3.2848433 3.5315707 3.8835499 3.9469803 3.8284742 3.8689846 3.7440041 4.3819266 4.1820990 5.5254788 5.5953183 4.3051731 5.0641969 4.9659422 4.6929085 4.9830256 4.8600089 4.5104794 4.6055203 4.8382077 4.9374551 5.1515920 4.6637308 3.6416758 3.9666459 3.6614345 3.1117125 3.6106484 3.6841480 1.2862625 0.0000000 3.0669025 5.3814591 6.0771594 5.4372623 4.8921434 5.5897134 4.8290943 4.8177735 4.8006770 4.7790170 4.8006770 4.7790170 
KP900928_Sclerotinia_sclerotiorum_ourmia-like_virus_1_RNA_1 5.4210585 3.5888339 3.7659293 3.5484602 3.8577685 3.5499509 3.8250074 3.6192961 4.0524194 3.9798484 5.5847736 4.4659324 4.0252295 4.3795954 4.9075025 4.4784853 4.9776543 4.8123254 4.5408015 4.6750344 4.4233468 4.8674963 5.0031810 4.6815279 3.8678321 3.8558091 3.6641463 0.7283188 0.8460452 2.5706739 3.2443142 3.0669025 0.0000000 5.1637865 5.7111866 5.3816725 5.5454805 6.8619761 5.4617986 5.5191634 5.4052817 5.4516448 5.4052817 5.4516448 
NC004046_Cryphonectria_parasitica_mitovirus_1               5.4586943 5.7078629 6.0920706 7.3904499 7.1163375 6.4218910 7.7072002 6.8878540 7.1328452 7.7015458 6.0289114 5.8028336 4.8044108 2.7536371 2.7540145 5.5072564 2.9429817 2.9955973 5.4116601 1.7225474 1.5691637 2.6021104 2.4854864 2.5343520 5.6528751 6.0163300 5.7641654 4.8322877 5.4020088 5.0736484 6.3014169 5.3814591 5.1637865 0.0000000 7.5178224 6.4782236 6.4800163 6.5242489 2.2956420 3.9926249 3.9541035 3.9982375 3.9541035 3.9982375 
X03869_Enterobacteria_phage_GA                              6.0712675 5.3000105 5.3938840 6.1898215 7.9795626 6.0506617 6.6205915 6.4296710 4.7418623 6.1465336 6.8311288 6.2185736 5.1184980 6.2605429 6.0422940 5.8775742 6.2506886 6.2789318 5.7189436 5.6645721 6.4542678 6.2690069 6.3575626 6.5793999 4.3132741 4.7669324 4.3990357 5.4415367 6.1724384 6.0269972 6.3423401 6.0771594 5.7111866 7.5178224 0.0000000 0.7835967 1.7525353 1.7935657 5.9580353 5.7416874 5.6560001 5.7320797 5.6560001 5.7320797 
NC001417_Escherichia_virus_MS2                              5.5135925 5.2298720 5.5617496 5.5124209 6.4855685 5.9506535 6.2222929 5.5158365 5.1850395 5.5476235 6.5269682 5.4559146 4.6476545 5.2912066 5.4994307 5.5217999 5.5747788 5.2967326 4.8828523 5.2685329 5.7793524 5.8473157 5.0811180 5.5130699 4.5060929 4.5905703 4.2008850 5.3473775 5.6492132 5.7092990 5.8589531 5.4372623 5.3816725 6.4782236 0.7835967 0.0000000 1.7059166 1.6891911 5.4696912 5.4875377 5.3195806 5.4463381 5.3195806 5.4463381 
NC001890_Escherichia_virus_Qbeta                            5.7898203 6.0072396 6.3566912 5.9881405 7.4251139 5.3887470 6.5155676 5.2122560 5.8849435 6.0626192 5.2788751 5.6431149 5.1150490 5.5208256 4.9434730 5.5338362 5.4081143 5.6235618 6.1914757 6.2422046 5.9207435 5.3939209 5.2616290 5.6568720 5.3982343 5.2294796 5.2884306 4.8659106 5.5412568 5.5347118 5.6415687 4.8921434 5.5454805 6.4800163 1.7525353 1.7059166 0.0000000 0.5872425 6.4646791 5.3273524 5.3265168 5.3265028 5.3265168 5.3265028 
X07489_Enterobacteria_phage_SP                              5.4403286 5.6233816 6.2779443 5.6340486 7.3770016 5.5749402 5.8698246 5.2100453 5.2749666 5.3275462 5.9485790 5.5952187 4.9978984 5.8625003 5.7011627 5.5499403 5.6024726 6.0079818 6.8039736 5.9688183 5.8453078 5.5919866 5.5189061 5.9551063 4.9312533 5.3232905 4.7648539 5.8288813 6.5660514 5.5449451 6.4038546 5.5897134 6.8619761 6.5242489 1.7935657 1.6891911 0.5872425 0.0000000 6.8499948 5.1389424 5.0599487 5.1381912 5.0599487 5.1381912 
NC004049_Ophiostoma_mitovirus_3a                            4.8760065 5.0428532 5.5291027 5.8426291 6.3256441 5.8775139 6.4123029 5.8548206 6.8208610 6.1707179 4.8439554 4.5343198 4.3230779 2.5935510 2.3400397 5.1125838 2.4507768 2.4919810 4.5530027 1.7778051 2.0391514 2.1641600 2.3939925 1.8408616 4.8735691 5.3819883 4.8795737 5.2559379 5.1247170 4.8279032 5.6424476 4.8290943 5.4617986 2.2956420 5.9580353 5.4696912 6.4646791 6.8499948 0.0000000 2.9839711 2.9425262 2.9780055 2.9425262 2.9780055 
JS1                                                         4.2460319 6.0143994 5.5676502 5.4795334 5.8914529 5.4909671 6.1112524 4.8202727 7.0894614 6.0091076 5.2884027 4.3062255 5.1906393 3.6662349 3.5922639 4.6826730 3.5440936 3.6195141 4.4946172 3.2272647 3.3418633 3.3890084 3.3487215 3.8017914 5.3127146 5.2263521 4.9016371 5.1381900 5.6049319 5.2448219 5.3109746 4.8177735 5.5191634 3.9926249 5.7416874 5.4875377 5.3273524 5.1389424 2.9839711 0.0000000 0.0108073 0.0043057 0.0108073 0.0043057 
JS2                                                         4.2567373 5.9190426 5.4505005 5.3677527 5.7659184 5.5653479 5.9672219 4.8357533 7.0598985 6.1316636 5.3128182 4.3280621 5.0998228 3.6526806 3.5723900 4.6660173 3.5019253 3.5918984 4.3737515 3.2489569 3.3837325 3.3916528 3.3618810 3.7663927 5.1903125 5.1295586 4.7901354 5.1767933 5.6063222 5.2913334 5.2176175 4.8006770 5.4052817 3.9541035 5.6560001 5.3195806 5.3265168 5.0599487 2.9425262 0.0108073 0.0000000 0.0107739 0.0000010 0.0107739 
JS3                                                         4.2991465 6.0551716 5.5333059 5.4426069 5.8508961 5.5389646 6.0931218 4.9059521 7.0971199 6.1486810 5.3662771 4.3385795 5.1812885 3.6681952 3.5821704 4.7375766 3.5217907 3.6092321 4.4361156 3.2220288 3.3943139 3.3872031 3.3362385 3.8087503 5.2565179 5.1984653 4.8559225 5.1269109 5.5342886 5.3186619 5.3226834 4.7790170 5.4516448 3.9982375 5.7320797 5.4463381 5.3265028 5.1381912 2.9780055 0.0043057 0.0107739 0.0000000 0.0107739 0.0000010 
JS4                                                         4.2567373 5.9190426 5.4505005 5.3677527 5.7659184 5.5653479 5.9672219 4.8357533 7.0598985 6.1316636 5.3128182 4.3280621 5.0998228 3.6526806 3.5723900 4.6660173 3.5019253 3.5918984 4.3737515 3.2489569 3.3837325 3.3916528 3.3618810 3.7663927 5.1903125 5.1295586 4.7901354 5.1767933 5.6063222 5.2913334 5.2176175 4.8006770 5.4052817 3.9541035 5.6560001 5.3195806 5.3265168 5.0599487 2.9425262 0.0108073 0.0000010 0.0107739 0.0000000 0.0107739 
JS5                                                         4.2991465 6.0551716 5.5333059 5.4426069 5.8508961 5.5389646 6.0931218 4.9059521 7.0971199 6.1486810 5.3662771 4.3385795 5.1812885 3.6681952 3.5821704 4.7375766 3.5217907 3.6092321 4.4361156 3.2220288 3.3943139 3.3872031 3.3362385 3.8087503 5.2565179 5.1984653 4.8559225 5.1269109 5.5342886 5.3186619 5.3226834 4.7790170 5.4516448 3.9982375 5.7320797 5.4463381 5.3265028 5.1381912 2.9780055 0.0043057 0.0107739 0.0000010 0.0107739 0.0000000 
