44
KP642119_Narnaviridae_environmental_sample                  0.0000000 4.2985617 4.8171711 5.3223346 4.8599401 4.5585791 4.7433305 4.2276121 5.1590903 5.0006024 4.2850053 0.7454184 2.4893414 5.4999053 5.1179146 2.8380130 5.4359205 5.2581394 3.1586083 5.1664901 5.5479456 5.1124849 5.0309157 5.5344938 4.2853442 4.5741561 4.4090690 4.9173961 5.6240908 3.9609580 5.7520002 5.6288841 5.4244414 5.4608635 6.0744138 5.5167552 5.7935420 5.4441839 4.8785531 4.2488986 4.2594790 4.3019670 4.2594790 4.3019670 
KX883564.1_Wuhan_spider_virus_7                             4.2985617 0.0000000 1.4840434 2.1802424 2.1875660 2.0997624 2.3614684 2.0874108 2.7738840 2.5158534 4.7519710 4.2860879 3.6763035 5.1459918 6.6258977 3.8217262 5.2979821 6.2929868 3.9331690 5.0612008 5.0218580 5.2333560 5.7231584 5.8605437 1.4695631 1.7437602 1.5853420 3.6033017 3.7805102 3.1709112 3.8554498 3.2863501 3.5907355 5.7134496 5.3033772 5.2340108 6.0154643 5.6283255 5.0462948 6.0161061 5.9202040 6.0567592 5.9202040 6.0567592 
KX883541.1_Hubei_narna-like_virus_3                         4.8171711 1.4840434 0.0000000 2.2208186 2.2657124 2.2436383 2.3482240 2.1551561 2.9713472 2.5509994 5.3785191 4.6413336 4.6902428 5.9199922 7.0399372 4.0427331 5.9343500 6.7654653 4.6132307 5.5521639 5.5554381 5.6639907 5.8014439 6.1809568 1.7054680 1.9107928 1.6741008 4.1094314 4.2766706 3.1968458 4.0592943 3.5336606 3.7684210 6.0983083 5.4007311 5.5694948 6.3629519 6.2815164 5.5333517 5.5717755 5.4545428 5.5374859 5.4545428 5.5374859 
KX883515.1_Beihai_narna-like_virus_1                        5.3223346 2.1802424 2.2208186 0.0000000 0.5908414 1.7591727 1.6021585 1.8095824 2.7894960 1.9038865 5.3130043 4.9765559 5.2422396 6.1323104 5.9695073 4.6880915 5.6473569 5.6442317 3.8959585 5.9593792 4.8434560 5.8874974 6.1378688 5.8997090 1.9599849 2.2878335 1.9138596 3.4934515 4.0194613 3.3677324 3.8117963 3.8872748 3.5502296 7.3997527 6.1931730 5.5169175 5.9880542 5.6368948 5.8478491 5.4831031 5.3712895 5.4462709 5.3712895 5.4462709 
KX883578.1_Hubei_narna-like_virus_2                         4.8599401 2.1875660 2.2657124 0.5908414 0.0000000 1.8110029 1.5741215 1.8610967 2.9691440 2.1918959 5.9132362 4.5796427 5.2684399 6.4822673 5.8383446 4.9518175 5.9817676 5.5881736 4.2445111 6.0364648 5.3397325 5.8963187 6.1348304 6.3806555 2.0928715 2.4043437 2.0334074 3.9392580 4.2487689 3.6793789 4.2373175 3.9499854 3.8593403 7.1265843 7.9859437 6.4945060 7.4281030 7.3810186 6.3326195 5.8945902 5.7690969 5.8541705 5.7690969 5.8541705 
KX883512.1_Beihai_narna-like_virus_2                        4.5585791 2.0997624 2.2436383 1.7591727 1.8110029 0.0000000 1.9186379 2.0428476 2.3895274 1.9117903 5.5724101 4.4090324 4.2757748 5.8817521 6.4026981 4.0505840 5.8061390 6.0047113 3.8154186 6.7016212 6.2006438 5.6105358 5.2368588 6.4677745 2.1188905 2.3132247 2.0655066 3.4872070 3.5725648 3.0781445 3.5696033 3.8309030 3.5511108 6.4294120 6.0557076 5.9529484 5.3948681 5.5809084 5.8834701 5.4954194 5.5702068 5.5428878 5.5702068 5.5428878 
KX883465.1_Beihai_narna-like_virus_3                        4.7433305 2.3614684 2.3482240 1.6021585 1.5741215 1.9186379 0.0000000 2.2122329 2.5318736 2.3094495 6.0363564 4.2942880 4.6564951 6.2219097 6.7830926 4.6638688 6.4942120 6.9168701 4.8207035 6.7753190 6.4509293 6.7160619 6.6371739 7.1977390 2.3548175 2.5570007 2.1724268 3.5656971 3.8109192 3.6763166 3.9848054 3.8716414 3.8261204 7.7178986 6.6311788 6.2351098 6.5235326 5.8772962 6.4154606 6.1133496 5.9689983 6.0953201 5.9689983 6.0953201 
KX883615.1_Wenzhou_narna-like_virus_1                       4.2276121 2.0874108 2.1551561 1.8095824 1.8610967 2.0428476 2.2122329 0.0000000 2.9359564 2.2497632 4.8526432 4.3209614 3.9542203 6.1177790 5.8216699 4.1046978 5.6304153 5.7347737 3.5505482 5.9216498 5.2797929 5.7288399 6.5280595 6.6089747 2.3310970 2.3924948 2.2176031 3.6879303 3.5958776 3.1580112 3.8698550 3.7459849 3.6211805 6.8939775 6.4404328 5.5223780 5.2181268 5.2163082 5.8597901 4.8243063 4.8398020 4.9101132 4.8398020 4.9101132 
KX883596.1_Hubei_narna-like_virus_4                         5.1590903 2.7738840 2.9713472 2.7894960 2.9691440 2.3895274 2.5318736 2.9359564 0.0000000 2.7844275 5.0256155 4.8880932 4.5467127 6.4884399 6.8900707 4.6332082 6.9272658 6.7212003 4.5652104 6.9725438 6.5808570 6.6022080 5.9677762 7.3375845 2.5788961 2.8839019 2.6154218 4.1289888 4.6909910 4.3363220 4.4269850 4.3857464 4.0554210 7.1397652 4.7478293 5.1913130 5.8916375 5.2788692 6.8271967 7.0953330 7.0651847 7.1029464 7.0651847 7.1029464 
KX883553.1_Shahe_narna-like_virus_1                         5.0006024 2.5158534 2.5509994 1.9038865 2.1918959 1.9117903 2.3094495 2.2497632 2.7844275 0.0000000 5.3042457 4.5563132 4.1777037 6.1608245 7.0903075 4.3042888 6.0427065 5.8872020 3.7450475 6.0580723 5.8904371 5.6939241 6.7665154 6.1702417 2.6050091 2.5693265 2.5826218 3.8622375 4.4047685 3.8761018 3.9252321 4.1852244 3.9815022 7.7055001 6.1515036 5.5528106 6.0691782 5.3342851 6.1753102 6.0133737 6.1360184 6.1535202 6.1360184 6.1535202 
NC029782_Phytophthora_infestans_RNA_virus_4                 4.2850053 4.7519710 5.3785191 5.3130043 5.9132362 5.5724101 6.0363564 4.8526432 5.0256155 5.3042457 0.0000000 4.1175856 4.6699580 5.8607498 6.2349567 3.5323963 6.1616820 6.2385590 3.8296673 5.4732437 5.6300753 5.9931641 5.3029577 5.9242073 4.3343526 4.7636223 4.3125391 5.0200634 5.7374503 4.7022276 5.2155564 5.5333515 5.5902710 6.0353193 6.8417065 6.5330828 5.2840132 5.9548925 4.8468577 5.2920130 5.3160166 5.3695803 5.3160166 5.3695803 
KF298275_ochlerotatus-associated_narna-like_1               0.7454184 4.2860879 4.6413336 4.9765559 4.5796427 4.4090324 4.2942880 4.3209614 4.8880932 4.5563132 4.1175856 0.0000000 2.5062362 5.2037827 4.8815537 2.6924421 5.1634628 4.6000592 2.8559882 5.4284890 4.6341241 5.1133857 5.0024620 4.8117758 3.9056185 3.9808667 4.1273943 4.2737359 5.0075266 3.9518772 5.5720379 5.5969587 4.4688720 5.8077696 6.2232468 5.4602151 5.6489765 5.5996585 4.5356542 4.3092759 4.3310479 4.3415534 4.3310479 4.3415534 
LBMM01010399_Lasius_niger                                   2.4893414 3.6763035 4.6902428 5.2422396 5.2684399 4.2757748 4.6564951 3.9542203 4.5467127 4.1777037 4.6699580 2.5062362 0.0000000 4.9236528 4.5083178 2.4786469 4.5887650 4.4618026 2.7165453 4.9613959 4.4483819 4.7873283 4.4641942 4.5407428 4.1863857 4.1884601 4.2580037 3.7348421 4.4252825 3.8539029 4.4827916 4.3068954 4.0279950 4.8075451 5.1207006 4.6493785 5.1205367 5.0014487 4.3254153 5.1909319 5.1002033 5.1816240 5.1002033 5.1816240 
NC006264_Gremmeniella_abietina_mitochondrial_RNA_virus_S2   5.4999053 5.1459918 5.9199922 6.1323104 6.4822673 5.8817521 6.2219097 6.1177790 6.4884399 6.1608245 5.8607498 5.2037827 4.9236528 0.0000000 1.3586743 5.2762802 1.3413527 1.4640046 5.3974708 2.7640418 2.7043070 2.4808032 2.4029705 2.4456523 5.6318824 5.4882037 5.8349173 4.1837551 4.6238630 4.7834153 5.1845140 5.0683770 4.3824640 2.7544942 6.2689195 5.2944932 5.5291764 5.8706854 2.5944912 3.6675756 3.6542400 3.6695772 3.6542400 3.6695772 
KP900925.1_Sclerotinia_sclerotiorum_mitovirus_18            5.1179146 6.6258977 7.0399372 5.9695073 5.8383446 6.4026981 6.7830926 5.8216699 6.8900707 7.0903075 6.2349567 4.8815537 4.5083178 1.3586743 0.0000000 5.2874662 1.1931764 0.3669989 5.6737326 2.7568542 2.8517643 2.5438720 2.1142662 2.5293730 6.1037891 6.3744889 6.5822206 4.7223891 5.1636358 5.1009584 5.5178143 4.9730119 4.9109434 2.7549681 6.0467608 5.5051437 4.9455039 5.7072514 2.3411361 3.5943006 3.5743738 3.5841895 3.5743738 3.5841895 
NC004051_Saccharomyces_20S_s                                2.8380130 3.8217262 4.0427331 4.6880915 4.9518175 4.0505840 4.6638688 4.1046978 4.6332082 4.3042888 3.5323963 2.6924421 2.4786469 5.2762802 5.2874662 0.0000000 5.5077680 5.0437258 2.3620633 5.4898990 5.0535896 4.9496408 4.9729214 5.2213062 4.2204555 4.4973401 4.0273692 4.2688075 4.6641520 3.8264268 4.2318139 4.6978279 4.4832978 5.5142430 5.8820862 5.5255359 5.5378548 5.5539372 5.1154828 4.6879322 4.6711282 4.7428681 4.6711282 4.7428681 
NC028474_Botrytis_cinerea_mitovirus_4                       5.4359205 5.2979821 5.9343500 5.6473569 5.9817676 5.8061390 6.4942120 5.6304153 6.9272658 6.0427065 6.1616820 5.1634628 4.5887650 1.3413527 1.1931764 5.5077680 0.0000000 1.2025217 5.5876352 2.7638309 2.8608744 2.6064023 2.4702014 2.6088178 5.6499070 5.8478561 5.4588519 4.5930043 5.1074041 4.9785429 5.6067486 4.9870096 4.9823209 2.9438691 6.2567443 5.5827250 5.4129463 5.6074052 2.4518966 3.5465319 3.5043528 3.5242127 3.5043528 3.5242127 
NC028471_Botrytis_cinerea_mitovirus_2                       5.2581394 6.2929868 6.7654653 5.6442317 5.5881736 6.0047113 6.9168701 5.7347737 6.7212003 5.8872020 6.2385590 4.6000592 4.4618026 1.4640046 0.3669989 5.0437258 1.2025217 0.0000000 5.2696769 2.6973787 2.6798191 2.4242087 2.2118609 2.6660137 5.7676096 6.2338607 6.6994250 4.6534075 5.4209893 4.9440842 5.5644252 4.8642758 4.8152871 2.9964461 6.2846519 5.3027383 5.6268917 6.0127577 2.4930838 3.6215784 3.5939357 3.6112792 3.5939357 3.6112792 
U90136_Saccharomyces_23Ss                                   3.1586083 3.9331690 4.6132307 3.8959585 4.2445111 3.8154186 4.8207035 3.5505482 4.5652104 3.7450475 3.8296673 2.8559882 2.7165453 5.3974708 5.6737326 2.3620633 5.5876352 5.2696769 0.0000000 5.6094674 4.6439250 4.1362401 4.6783302 4.8184912 4.2390148 4.2854280 4.0537557 4.0333984 4.4938809 3.8304571 4.3134856 4.5129508 4.5440500 5.4154947 5.7226242 4.8850456 6.1946106 6.8072952 4.5570865 4.4980699 4.3769706 4.4393916 4.3769706 4.4393916 
LN827948_Grapevine_associated_narnavirus-1                  5.1664901 5.0612008 5.5521639 5.9593792 6.0364648 6.7016212 6.7753190 5.9216498 6.9725438 6.0580723 5.4732437 5.4284890 4.9613959 2.7640418 2.7568542 5.4898990 2.7638309 2.6973787 5.6094674 0.0000000 1.4277981 2.3621611 2.5234305 2.1280298 5.1895425 5.6724996 4.8692922 5.0587985 5.3167353 4.7470843 6.3918705 4.6084963 4.6783702 1.7232521 5.6736317 5.2744301 6.2501737 5.9731637 1.7786300 3.2291300 3.2508200 3.2238872 3.2508200 3.2238872 
KP900911_Rhizoctonia_solani_mitovirus_2                     5.5479456 5.0218580 5.5554381 4.8434560 5.3397325 6.2006438 6.4509293 5.2797929 6.5808570 5.8904371 5.6300753 4.6341241 4.4483819 2.7043070 2.8517643 5.0535896 2.8608744 2.6798191 4.6439250 1.4277981 0.0000000 2.7219337 2.7801408 2.2309870 5.9981604 5.9387890 5.3744473 4.5535603 4.9832608 4.1802977 5.7299412 4.8432224 4.4265309 1.5699000 6.4585846 5.7853537 5.9242680 5.8496154 2.0400237 3.3433965 3.3854176 3.3958705 3.3854176 3.3958705 
NC015629_Tuber_aestivum_mitovirus                           5.1124849 5.2333560 5.6639907 5.8874974 5.8963187 5.6105358 6.7160619 5.7288399 6.6022080 5.6939241 5.9931641 5.1133857 4.7873283 2.4808032 2.5438720 4.9496408 2.6064023 2.4242087 4.1362401 2.3621611 2.7219337 0.0000000 2.6792507 1.8984812 5.0128314 5.9187982 4.8950799 4.4611941 5.2111792 4.7281011 5.3636376 4.9417449 4.8716514 2.6028711 6.2758061 5.8547862 5.4006481 5.5977121 2.1649538 3.3904335 3.3930758 3.3886282 3.3930758 3.3886282 
KJ462508_Sclerotinia_sclerotiorum_mitovirus_2               5.0309157 5.7231584 5.8014439 6.1378688 6.1348304 5.2368588 6.6371739 6.5280595 5.9677762 6.7665154 5.3029577 5.0024620 4.4641942 2.4029705 2.1142662 4.9729214 2.4702014 2.2118609 4.6783302 2.5234305 2.7801408 2.6792507 0.0000000 2.3564574 5.7233279 5.7785812 5.3778641 5.0911915 4.9201395 4.4387431 6.0139421 5.1571493 5.0069701 2.4865664 6.3681368 5.0861708 5.2703341 5.5262076 2.3949498 3.3501220 3.3633455 3.3376500 3.3633455 3.3376500 
KJ873059_Heterobasidion_mitovirus_1                         5.5344938 5.8605437 6.1809568 5.8997090 6.3806555 6.4677745 7.1977390 6.6089747 7.3375845 6.1702417 5.9242073 4.8117758 4.5407428 2.4456523 2.5293730 5.2213062 2.6088178 2.6660137 4.8184912 2.1280298 2.2309870 1.8984812 2.3564574 0.0000000 6.3731414 5.9570208 5.1626414 4.8208567 5.2687208 5.4214537 5.2521359 4.6671261 4.6835216 2.5352589 6.5891214 5.5189227 5.6618160 5.9610755 1.8417211 3.8047185 3.7691087 3.8117049 3.7691087 3.8117049 
EU770623_Ourmia_melon_virus                                 4.2853442 1.4695631 1.7054680 1.9599849 2.0928715 2.1188905 2.3548175 2.3310970 2.5788961 2.6050091 4.3343526 3.9056185 4.1863857 5.6318824 6.1037891 4.2204555 5.6499070 5.7676096 4.2390148 5.1895425 5.9981604 5.0128314 5.7233279 6.3731414 0.0000000 0.7675105 0.6561608 3.3677589 4.1456968 3.1725690 3.8354085 3.6433203 3.8700058 5.6593779 4.3186045 4.5111177 5.4043842 4.9349300 4.8751526 5.3178510 5.1951532 5.2613165 5.1951532 5.2613165 
FJ157981_Cassava_virus_C                                    4.5741561 1.7437602 1.9107928 2.2878335 2.4043437 2.3132247 2.5570007 2.3924948 2.8839019 2.5693265 4.7636223 3.9808667 4.1884601 5.4882037 6.3744889 4.4973401 5.8478561 6.2338607 4.2854280 5.6724996 5.9387890 5.9187982 5.7785812 5.9570208 0.7675105 0.0000000 0.8347463 3.2732656 3.7433852 3.4227919 4.5791504 3.9689580 3.8582248 6.0241452 4.7735726 4.5949951 5.2351895 5.3276284 5.3876872 5.2294924 5.1325303 5.2020350 5.1325303 5.2020350 
EU770620_Epirus_cherry_virus                                4.4090690 1.5853420 1.6741008 1.9138596 2.0334074 2.0655066 2.1724268 2.2176031 2.6154218 2.5826218 4.3125391 4.1273943 4.2580037 5.8349173 6.5822206 4.0273692 5.4588519 6.6994250 4.0537557 4.8692922 5.3744473 4.8950799 5.3778641 5.1626414 0.6561608 0.8347463 0.0000000 3.6905577 4.0505620 3.0321346 3.8616504 3.6635210 3.6671873 5.7722054 4.4041582 4.2045659 5.2932868 4.7670012 4.8830890 4.9059424 4.7939234 4.8602683 4.7939234 4.8602683 
KT598247_Soybean_leaf-associated_ourmiavirus_2              4.9173961 3.6033017 4.1094314 3.4934515 3.9392580 3.4872070 3.5656971 3.6879303 4.1289888 3.8622375 5.0200634 4.2737359 3.7348421 4.1837551 4.7223891 4.2688075 4.5930043 4.6534075 4.0333984 5.0587985 4.5535603 4.4611941 5.0911915 4.8208567 3.3677589 3.2732656 3.6905577 0.0000000 0.3551053 1.9739223 2.8807024 3.1124171 0.7284313 4.8381483 5.4450386 5.3524973 4.8690205 5.8319199 5.2619355 5.1415332 5.1806741 5.1302837 5.1806741 5.1302837 
KT598235_Soybean_leaf-associated_ourmiavirus_1              5.6240908 3.7805102 4.2766706 4.0194613 4.2487689 3.5725648 3.8109192 3.5958776 4.6909910 4.4047685 5.7374503 5.0075266 4.4252825 4.6238630 5.1636358 4.6641520 5.1074041 5.4209893 4.4938809 5.3167353 4.9832608 5.2111792 4.9201395 5.2687208 4.1456968 3.7433852 4.0505620 0.3551053 0.0000000 2.4713751 3.4803526 3.6122178 0.8461949 5.4062261 6.1801358 5.6552199 5.5480859 6.5727127 5.1283007 5.6106872 5.6126756 5.5401592 5.6126756 5.5401592 
KP900921_Rhizoctonia_solani_ourmia-like_virus_1_RNA_1       3.9609580 3.1709112 3.1968458 3.3677324 3.6793789 3.0781445 3.6763166 3.1580112 4.3363220 3.8761018 4.7022276 3.9518772 3.8539029 4.7834153 5.1009584 3.8264268 4.9785429 4.9440842 3.8304571 4.7470843 4.1802977 4.7281011 4.4387431 5.4214537 3.1725690 3.4227919 3.0321346 1.9739223 2.4713751 0.0000000 3.3568956 3.6857084 2.5714267 5.0784682 6.0314366 5.7133239 5.5388309 5.5505044 4.8311826 5.2484398 5.2948530 5.3221397 5.2948530 5.3221397 
NC028476_Botrytis_ourmia-like_virus                         5.7520002 3.8554498 4.0592943 3.8117963 4.2373175 3.5696033 3.9848054 3.8698550 4.4269850 3.9252321 5.2155564 5.5720379 4.4827916 5.1845140 5.5178143 4.2318139 5.6067486 5.5644252 4.3134856 6.3918705 5.7299412 5.3636376 6.0139421 5.2521359 3.8354085 4.5791504 3.8616504 2.8807024 3.4803526 3.3568956 0.0000000 1.2866024 3.2453377 6.3068187 6.3435398 5.8634051 5.6471487 6.4101338 5.6452524 5.3172534 5.2235988 5.3290240 5.2235988 5.3290240 
KP900929_Sclerotinia_sclerotiorum_ourmia-like_virus_2_RNA_1 5.6288841 3.2863501 3.5336606 3.8872748 3.9499854 3.8309030 3.8716414 3.7459849 4.3857464 4.1852244 5.5333515 5.5969587 4.3068954 5.0683770 4.9730119 4.6978279 4.9870096 4.8642758 4.5129508 4.6084963 4.8432224 4.9417449 5.1571493 4.6671261 3.6433203 3.9689580 3.6635210 3.1124171 3.6122178 3.6857084 1.2866024 0.0000000 3.0679850 5.3891522 6.0830537 5.4404238 4.8977174 5.5957466 4.8335824 4.8239811 4.8074927 4.7851923 4.8074927 4.7851923 
KP900928_Sclerotinia_sclerotiorum_ourmia-like_virus_1_RNA_1 5.4244414 3.5907355 3.7684210 3.5502296 3.8593403 3.5511108 3.8261204 3.6211805 4.0554210 3.9815022 5.5902710 4.4688720 4.0279950 4.3824640 4.9109434 4.4832978 4.9823209 4.8152871 4.5440500 4.6783702 4.4265309 4.8716514 5.0069701 4.6835216 3.8700058 3.8582248 3.6671873 0.7284313 0.8461949 2.5714267 3.2453377 3.0679850 0.0000000 5.1695365 5.7159148 5.3882507 5.5521858 6.8724861 5.4671719 5.5249336 5.4112221 5.4575155 5.4112221 5.4575155 
NC004046_Cryphonectria_parasitica_mitovirus_1               5.4608635 5.7134496 6.0983083 7.3997527 7.1265843 6.4294120 7.7178986 6.8939775 7.1397652 7.7055001 6.0353193 5.8077696 4.8075451 2.7544942 2.7549681 5.5142430 2.9438691 2.9964461 5.4154947 1.7232521 1.5699000 2.6028711 2.4865664 2.5352589 5.6593779 6.0241452 5.7722054 4.8381483 5.4062261 5.0784682 6.3068187 5.3891522 5.1695365 0.0000000 7.5235069 6.4835608 6.4882439 6.5296588 2.2968555 3.9950748 3.9566362 4.0007269 3.9566362 4.0007269 
X03869_Enterobacteria_phage_GA                              6.0744138 5.3033772 5.4007311 6.1931730 7.9859437 6.0557076 6.6311788 6.4404328 4.7478293 6.1515036 6.8417065 6.2232468 5.1207006 6.2689195 6.0467608 5.8820862 6.2567443 6.2846519 5.7226242 5.6736317 6.4585846 6.2758061 6.3681368 6.5891214 4.3186045 4.7735726 4.4041582 5.4450386 6.1801358 6.0314366 6.3435398 6.0830537 5.7159148 7.5235069 0.0000000 0.7837510 1.7533503 1.7943531 5.9649526 5.7472289 5.6607321 5.7376315 5.6607321 5.7376315 
NC001417_Escherichia_virus_MS2                              5.5167552 5.2340108 5.5694948 5.5169175 6.4945060 5.9529484 6.2351098 5.5223780 5.1913130 5.5528106 6.5330828 5.4602151 4.6493785 5.2944932 5.5051437 5.5255359 5.5827250 5.3027383 4.8850456 5.2744301 5.7853537 5.8547862 5.0861708 5.5189227 4.5111177 4.5949951 4.2045659 5.3524973 5.6552199 5.7133239 5.8634051 5.4404238 5.3882507 6.4835608 0.7837510 0.0000000 1.7066752 1.6899513 5.4739623 5.4895366 5.3212804 5.4484346 5.3212804 5.4484346 
NC001890_Escherichia_virus_Qbeta                            5.7935420 6.0154643 6.3629519 5.9880542 7.4281030 5.3948681 6.5235326 5.2181268 5.8916375 6.0691782 5.2840132 5.6489765 5.1205367 5.5291764 4.9455039 5.5378548 5.4129463 5.6268917 6.1946106 6.2501737 5.9242680 5.4006481 5.2703341 5.6618160 5.4043842 5.2351895 5.2932868 4.8690205 5.5480859 5.5388309 5.6471487 4.8977174 5.5521858 6.4882439 1.7533503 1.7066752 0.0000000 0.5873129 6.4697079 5.3322243 5.3313780 5.3318354 5.3313780 5.3318354 
X07489_Enterobacteria_phage_SP                              5.4441839 5.6283255 6.2815164 5.6368948 7.3810186 5.5809084 5.8772962 5.2163082 5.2788692 5.3342851 5.9548925 5.5996585 5.0014487 5.8706854 5.7072514 5.5539372 5.6074052 6.0127577 6.8072952 5.9731637 5.8496154 5.5977121 5.5262076 5.9610755 4.9349300 5.3276284 4.7670012 5.8319199 6.5727127 5.5505044 6.4101338 5.5957466 6.8724861 6.5296588 1.7943531 1.6899513 0.5873129 0.0000000 6.8557616 5.1434768 5.0642096 5.1431357 5.0642096 5.1431357 
NC004049_Ophiostoma_mitovirus_3a                            4.8785531 5.0462948 5.5333517 5.8478491 6.3326195 5.8834701 6.4154606 5.8597901 6.8271967 6.1753102 4.8468577 4.5356542 4.3254153 2.5944912 2.3411361 5.1154828 2.4518966 2.4930838 4.5570865 1.7786300 2.0400237 2.1649538 2.3949498 1.8417211 4.8751526 5.3876872 4.8830890 5.2619355 5.1283007 4.8311826 5.6452524 4.8335824 5.4671719 2.2968555 5.9649526 5.4739623 6.4697079 6.8557616 0.0000000 2.9851531 2.9436961 2.9792148 2.9436961 2.9792148 
JS1                                                         4.2488986 6.0161061 5.5717755 5.4831031 5.8945902 5.4954194 6.1133496 4.8243063 7.0953330 6.0133737 5.2920130 4.3092759 5.1909319 3.6675756 3.5943006 4.6879322 3.5465319 3.6215784 4.4980699 3.2291300 3.3433965 3.3904335 3.3501220 3.8047185 5.3178510 5.2294924 4.9059424 5.1415332 5.6106872 5.2484398 5.3172534 4.8239811 5.5249336 3.9950748 5.7472289 5.4895366 5.3322243 5.1434768 2.9851531 0.0000000 0.0108072 0.0043057 0.0108072 0.0043057 
JS2                                                         4.2594790 5.9202040 5.4545428 5.3712895 5.7690969 5.5702068 5.9689983 4.8398020 7.0651847 6.1360184 5.3160166 4.3310479 5.1002033 3.6542400 3.5743738 4.6711282 3.5043528 3.5939357 4.3769706 3.2508200 3.3854176 3.3930758 3.3633455 3.7691087 5.1951532 5.1325303 4.7939234 5.1806741 5.6126756 5.2948530 5.2235988 4.8074927 5.4112221 3.9566362 5.6607321 5.3212804 5.3313780 5.0642096 2.9436961 0.0108072 0.0000000 0.0107739 0.0000010 0.0107739 
JS3                                                         4.3019670 6.0567592 5.5374859 5.4462709 5.8541705 5.5428878 6.0953201 4.9101132 7.1029464 6.1535202 5.3695803 4.3415534 5.1816240 3.6695772 3.5841895 4.7428681 3.5242127 3.6112792 4.4393916 3.2238872 3.3958705 3.3886282 3.3376500 3.8117049 5.2613165 5.2020350 4.8602683 5.1302837 5.5401592 5.3221397 5.3290240 4.7851923 5.4575155 4.0007269 5.7376315 5.4484346 5.3318354 5.1431357 2.9792148 0.0043057 0.0107739 0.0000000 0.0107739 0.0000010 
JS4                                                         4.2594790 5.9202040 5.4545428 5.3712895 5.7690969 5.5702068 5.9689983 4.8398020 7.0651847 6.1360184 5.3160166 4.3310479 5.1002033 3.6542400 3.5743738 4.6711282 3.5043528 3.5939357 4.3769706 3.2508200 3.3854176 3.3930758 3.3633455 3.7691087 5.1951532 5.1325303 4.7939234 5.1806741 5.6126756 5.2948530 5.2235988 4.8074927 5.4112221 3.9566362 5.6607321 5.3212804 5.3313780 5.0642096 2.9436961 0.0108072 0.0000010 0.0107739 0.0000000 0.0107739 
JS5                                                         4.3019670 6.0567592 5.5374859 5.4462709 5.8541705 5.5428878 6.0953201 4.9101132 7.1029464 6.1535202 5.3695803 4.3415534 5.1816240 3.6695772 3.5841895 4.7428681 3.5242127 3.6112792 4.4393916 3.2238872 3.3958705 3.3886282 3.3376500 3.8117049 5.2613165 5.2020350 4.8602683 5.1302837 5.5401592 5.3221397 5.3290240 4.7851923 5.4575155 4.0007269 5.7376315 5.4484346 5.3318354 5.1431357 2.9792148 0.0043057 0.0107739 0.0000010 0.0107739 0.0000000 
