53
YP_006843891.1    0.0000000 0.5140203 0.6092512 0.6612259 0.8506600 0.9976762 0.8876296 1.0638002 1.0089578 1.0838981 1.0287433 1.0070960 1.0012599 1.0089578 0.9510802 0.9466730 0.9431090 0.9900919 0.9639597 1.2904477 1.0013512 0.9606770 1.0242020 1.2895112 0.9977545 1.2975584 1.3335299 1.2908395 1.2895774 1.2709223 1.3080072 1.2888667 1.3414646 1.4128375 1.3369290 1.2682359 1.4251899 1.6643592 1.4613942 1.4858431 0.8737759 1.5002026 1.6691699 2.1498821 2.0709565 2.2206384 2.1835512 2.3064266 1.3953011 1.4563833 1.2553465 1.0368092 0.0187762 
YP_009448179.1    0.5140203 0.0000000 0.5613481 0.6093212 0.8380541 1.0351129 0.8879769 1.0792071 0.9936400 1.0365954 1.0272329 1.0506696 1.0293459 0.9912172 0.9220715 0.9307986 0.9418817 0.9561060 0.9607166 1.3014587 0.9602787 0.9254555 0.9629235 1.2314792 0.9164763 1.2534362 1.2223649 1.3485243 1.3001245 1.2899810 1.3112997 1.3651755 1.3224605 1.3144312 1.3483233 1.2938957 1.3724914 1.6606650 1.4445251 1.4074652 0.8842219 1.5776729 1.6393414 1.9728204 2.0754075 2.0151223 2.1230713 2.2540527 1.3979670 1.3355093 1.2790412 1.2353516 0.6698192 
YP_009010981.1    0.6092512 0.5613481 0.0000000 0.0602533 0.9210457 0.9923692 0.9561486 1.1222575 1.0806805 1.1314741 1.0692570 1.0639863 1.0909142 1.0943985 0.8656460 0.8944228 0.9130597 0.9231681 0.9383204 1.2794678 0.9214813 0.9030470 0.9474338 1.1484041 0.8827113 1.1498507 1.1763813 1.3879780 1.2887790 1.2239416 1.3194168 1.4146310 1.3369795 1.4179258 1.4267294 1.3509327 1.4072326 1.5667641 1.5902428 1.3069107 0.8847291 1.5949649 1.7309866 2.0247741 2.2446266 2.0689360 2.0645328 2.1168084 1.2887829 1.2543620 1.2499457 1.1138749 0.9527272 
YP_005271208.1    0.6612259 0.6093212 0.0602533 0.0000000 0.9744114 1.0332344 1.0117136 1.1629132 1.1376911 1.1636097 1.1226774 1.1017677 1.1505597 1.1552401 0.9244632 0.9375849 0.9536847 1.0038810 1.0099716 1.2951461 1.0019195 0.9667153 1.0243706 1.2373732 0.9518674 1.2224256 1.2503756 1.4026664 1.3586709 1.2411288 1.3900758 1.4541340 1.4108848 1.4580431 1.4735666 1.4523688 1.4813385 1.6119159 1.6155669 1.3561105 0.9157243 1.6701423 1.7845859 2.0574791 2.2893061 2.1730315 2.1476098 2.3023453 1.4992589 1.3722373 1.3616306 1.2808938 0.8935985 
YP_009154706.1    0.8506600 0.8380541 0.9210457 0.9744114 0.0000000 0.9212182 1.0421010 0.8473385 0.9239732 0.9117423 0.9533044 0.9626173 0.9410571 0.9239732 0.8641062 0.9391647 0.9584727 0.9649045 0.9409056 1.3079428 0.9709772 0.8960967 0.9865807 1.0255779 0.9020400 1.0276216 1.1096286 1.6272432 1.4292964 1.5164219 1.4189421 1.3168161 1.3480238 1.4705397 1.3611526 1.4821258 1.4552141 1.5400378 1.4923259 1.4196996 0.7986847 1.5640284 1.5485158 2.2996475 2.2636756 2.1454921 2.1949882 2.3410371 1.3855414 1.5181750 1.4930860 0.8782783 1.2358121 
YP_009130648.1    0.9976762 1.0351129 0.9923692 1.0332344 0.9212182 0.0000000 0.6386844 0.9698848 0.5419778 0.9372073 0.5565086 0.5609307 0.5499170 0.5463757 0.8690233 0.8760051 0.8890797 0.9106828 0.9269576 1.2400717 0.9197801 0.9226358 0.9446850 1.0937659 0.8953530 1.1412852 1.1372889 1.2775578 1.2505192 1.2564390 1.2267867 1.3669691 1.2692092 1.2676994 1.2905743 1.2522365 1.2701588 1.4535393 1.5427615 1.4492091 0.3378707 1.3962407 1.7328038 2.3402468 1.9878119 2.0814314 2.1855718 2.3280261 1.1664297 1.1661387 1.2037465 0.0000010 1.7089988 
YP_009664775.1    0.8876296 0.8879769 0.9561486 1.0117136 1.0421010 0.6386844 0.0000000 0.9741049 0.6561961 1.0102274 0.6486833 0.6546699 0.6576351 0.6561961 0.9487465 0.9502340 0.9563836 0.9703334 0.9610228 1.0916503 0.9706373 0.9601108 0.9910118 1.1243580 0.9576039 1.1115828 1.1331389 1.2212670 1.0771577 1.0961250 1.0817433 1.2102454 1.0395505 1.0104811 1.1038556 1.1734353 1.1134565 1.3171645 1.3374210 1.4469392 0.5418335 1.2741009 1.5617022 1.9021122 1.9491218 1.7854362 1.8293438 1.9313190 1.5168910 1.2011168 1.0685724 0.4163379 1.8138333 
YP_009094053.1    1.0638002 1.0792071 1.1222575 1.1629132 0.8473385 0.9698848 0.9741049 0.0000000 0.9981911 0.7203230 1.1133661 1.0813076 1.0126851 0.9981911 0.9638175 1.0219008 1.0241947 1.0183700 1.0032036 1.2202456 1.0228846 0.9622696 1.0259663 0.9770215 0.9998157 0.9635281 0.9901019 1.2931963 1.2132524 1.2330810 1.2839920 1.2087897 1.2148211 1.1684596 1.1244705 1.1144777 1.1879255 1.4763058 1.5396380 1.3408137 0.8362683 1.2934521 1.4838440 2.1987495 2.3252111 2.0746765 2.1421894 2.4849592 1.1477251 1.3632097 0.9498948 0.9437382 2.2452458 
NP_751905.1       1.0089578 0.9936400 1.0806805 1.1376911 0.9239732 0.5419778 0.6561961 0.9981911 0.0000000 0.9579105 0.3551321 0.3140258 0.0301421 0.0020870 0.8454616 0.9095251 0.9108673 0.8811576 0.8657166 1.1720115 0.9118756 0.9305951 0.9117856 1.2229031 0.9423695 1.2177680 1.2158761 1.2244478 1.1444983 1.2779026 1.2899308 1.3625321 1.3300351 1.2118573 1.3696218 1.2882153 1.2955975 1.5129541 1.3800705 1.4002383 0.3918955 1.4641651 1.5663961 2.2476160 2.0257178 1.9688874 2.0990189 2.3296544 1.3579558 1.3152280 1.1123998 0.3254262 2.0248101 
YP_009345903.1    1.0838981 1.0365954 1.1314741 1.1636097 0.9117423 0.9372073 1.0102274 0.7203230 0.9579105 0.0000000 1.0869687 1.0190868 0.9624485 0.9579105 1.0496164 1.0811180 1.0906085 1.1125041 1.1042644 1.1198832 1.1310639 1.0942785 1.1437453 1.1431877 1.0330449 1.2267197 1.1432567 1.3780092 1.3256913 1.3569398 1.2364249 1.4448299 1.3439508 1.3869622 1.3174392 1.3756799 1.3067308 1.5412868 1.6322491 1.5241178 0.7207414 1.5115655 1.5103154 2.2418909 2.1605310 2.1980195 2.1475153 2.3721782 1.3615440 1.6111594 1.2855938 0.6037210 2.2721265 
YP_009094278.1    1.0287433 1.0272329 1.0692570 1.1226774 0.9533044 0.5565086 0.6486833 1.1133661 0.3551321 1.0869687 0.0000000 0.1174639 0.3582536 0.3551171 0.9606098 1.0002809 1.0067406 0.9904345 0.9923678 1.2086673 0.9737031 1.0219291 1.0011391 1.1465274 1.0081661 1.1785179 1.1459307 1.2980733 1.0959593 1.3118804 1.2858380 1.4980030 1.3346512 1.2831011 1.4325347 1.3812163 1.2722273 1.4233676 1.3455075 1.3849620 0.4195460 1.5265078 1.6151104 2.3205992 2.0838701 2.1313438 2.2049685 2.2995372 1.2801165 1.2941845 1.2184033 0.3065887 1.7560063 
YP_008519301.1    1.0070960 1.0506696 1.0639863 1.1017677 0.9626173 0.5609307 0.6546699 1.0813076 0.3140258 1.0190868 0.1174639 0.0000000 0.3197268 0.3140250 0.9090365 0.9708585 0.9691330 0.9730827 0.9564980 1.1445557 0.9705374 0.9741052 0.9929064 1.1832198 0.9706378 1.2089576 1.1618519 1.3243279 1.0581967 1.3333934 1.2357502 1.4150746 1.2864013 1.2175163 1.3315429 1.3114281 1.2331839 1.4494639 1.3654680 1.4259344 0.3928877 1.4333304 1.5603622 2.2766471 2.0929883 2.1248666 2.1658143 2.3669269 1.3480283 1.3326833 1.2276723 0.3092095 1.9011068 
YP_009275017.1    1.0012599 1.0293459 1.0909142 1.1505597 0.9410571 0.5499170 0.6576351 1.0126851 0.0301421 0.9624485 0.3582536 0.3197268 0.0000000 0.0301681 0.8629712 0.9209434 0.9223209 0.9073691 0.8898308 1.1545524 0.9288159 0.9521508 0.9387724 1.2323401 0.9526351 1.2260897 1.2264604 1.2703172 1.1519294 1.3007718 1.3156836 1.3850232 1.3660393 1.2425275 1.4408652 1.3356395 1.3234105 1.5566825 1.4160118 1.3948970 0.3839563 1.5108842 1.6143668 2.2680257 2.1105464 1.9781009 2.1284553 2.3726589 1.3365609 1.3418448 1.1388272 0.3254262 2.0788151 
NP_059443.2       1.0089578 0.9912172 1.0943985 1.1552401 0.9239732 0.5463757 0.6561961 0.9981911 0.0020870 0.9579105 0.3551171 0.3140250 0.0301681 0.0000000 0.8513753 0.9094125 0.9107524 0.8769877 0.8616331 1.1738597 0.9075842 0.9393169 0.9074490 1.2361245 0.9510296 1.2310048 1.2189845 1.2352680 1.1444983 1.2860224 1.2930382 1.3737305 1.3283080 1.2149565 1.3862502 1.2849264 1.2921927 1.5251318 1.3651580 1.4002383 0.3918955 1.4759340 1.5619185 2.2620917 2.0216532 1.9815938 2.0922397 2.3567472 1.3579558 1.3152280 1.1123998 0.3254262 2.0248101 
YP_009380531.1    0.9510802 0.9220715 0.8656460 0.9244632 0.8641062 0.8690233 0.9487465 0.9638175 0.8454616 1.0496164 0.9606098 0.9090365 0.8629712 0.8513753 0.0000000 0.2772088 0.2860856 0.2340248 0.2321405 1.0185898 0.2409296 0.0924349 0.2459148 1.1170852 0.1711146 1.1877417 1.2231412 1.3199017 1.1583057 1.1688135 1.4030507 1.3299344 1.3716483 1.2849483 1.2582396 1.2574519 1.2446747 1.3555583 1.4215230 1.3108339 0.8110082 1.4390207 1.5884897 2.0278947 2.1672152 1.8465095 1.8676312 2.2354144 1.1442893 1.1345404 1.1502784 0.8842638 1.7636810 
YP_009010943.1    0.9466730 0.9307986 0.8944228 0.9375849 0.9391647 0.8760051 0.9502340 1.0219008 0.9095251 1.0811180 1.0002809 0.9708585 0.9209434 0.9094125 0.2772088 0.0000000 0.0129632 0.1501327 0.1483253 1.1019466 0.1497503 0.2732890 0.1586123 1.1611565 0.2566673 1.2321614 1.2643974 1.3932069 1.2874987 1.2233694 1.4261700 1.4006676 1.4696533 1.3605514 1.4526488 1.3279817 1.3427297 1.4602325 1.4970525 1.2897510 0.8457395 1.5650855 1.5279472 2.1301137 2.1321662 1.9057591 1.9945222 2.3427681 1.1670960 1.1711465 1.0927471 1.0111836 1.4369010 
YP_009010952.1    0.9431090 0.9418817 0.9130597 0.9536847 0.9584727 0.8890797 0.9563836 1.0241947 0.9108673 1.0906085 1.0067406 0.9691330 0.9223209 0.9107524 0.2860856 0.0129632 0.0000000 0.1626359 0.1608460 1.0970999 0.1622223 0.2820623 0.1713224 1.1843515 0.2607604 1.2559750 1.2867198 1.3990068 1.2861224 1.2252003 1.4278642 1.4137229 1.4920995 1.3666107 1.4543731 1.3386360 1.3486298 1.4775950 1.5191520 1.3087331 0.8467616 1.5837110 1.5487936 2.1173794 2.1312481 1.9218663 1.9955820 2.3756349 1.1940728 1.2248945 1.1146150 1.0180523 1.4072387 
YP_009010946.1    0.9900919 0.9561060 0.9231681 1.0038810 0.9649045 0.9106828 0.9703334 1.0183700 0.8811576 1.1125041 0.9904345 0.9730827 0.9073691 0.8769877 0.2340248 0.1501327 0.1626359 0.0000000 0.0481681 1.0987199 0.0234716 0.2342875 0.0235595 1.2087820 0.2223801 1.2236551 1.2492421 1.4067029 1.2611687 1.2431260 1.4068561 1.3772325 1.4330505 1.3576082 1.4289232 1.2747604 1.3788053 1.4376587 1.4480957 1.3648915 0.8637491 1.5256983 1.5867377 2.0561128 2.0431792 1.8237772 1.8952516 2.3034232 1.2063175 1.1170951 1.1020933 0.9578491 1.5452342 
YP_009480536.1    0.9639597 0.9607166 0.9383204 1.0099716 0.9409056 0.9269576 0.9610228 1.0032036 0.8657166 1.1042644 0.9923678 0.9564980 0.8898308 0.8616331 0.2321405 0.1483253 0.1608460 0.0481681 0.0000000 1.0993553 0.0622884 0.2237457 0.0625294 1.2113983 0.2222842 1.2305434 1.2454401 1.3921045 1.2432878 1.1827154 1.4055629 1.3211097 1.3674679 1.3452218 1.4093549 1.2539982 1.3488655 1.4238847 1.4250418 1.3116077 0.8668053 1.4898563 1.6012849 2.1102061 2.0809309 1.8099314 1.9432722 2.2454947 1.2073278 1.1554484 1.1438673 0.9554802 1.4587712 
YP_009345898.1    1.2904477 1.3014587 1.2794678 1.2951461 1.3079428 1.2400717 1.0916503 1.2202456 1.1720115 1.1198832 1.2086673 1.1445557 1.1545524 1.1738597 1.0185898 1.1019466 1.0970999 1.0987199 1.0993553 0.0000000 1.0956937 1.0190235 1.1238268 1.1390448 1.0867831 1.1985324 1.2440001 1.3662706 1.3048355 1.5213045 1.4262606 1.4981193 1.5381414 1.3665623 1.4243611 1.3678896 1.3660814 1.7011914 1.5815300 1.5203941 1.1006729 1.6198574 1.5780374 2.0853024 2.3622598 2.3218277 2.2343670 2.4360341 1.5250562 1.5814619 1.4332161 1.1351398 2.2932541 
YP_009010949.1    1.0013512 0.9602787 0.9214813 1.0019195 0.9709772 0.9197801 0.9706373 1.0228846 0.9118756 1.1310639 0.9737031 0.9705374 0.9288159 0.9075842 0.2409296 0.1497503 0.1622223 0.0234716 0.0622884 1.0956937 0.0000000 0.2353245 0.0301277 1.1804770 0.2248643 1.2236276 1.2390246 1.4243151 1.2591796 1.2576829 1.4087367 1.3873934 1.4474086 1.3682247 1.4467562 1.2906131 1.3870162 1.4305875 1.4602295 1.3670722 0.8683527 1.5508986 1.5763236 2.1076776 2.0431667 1.8293779 1.8998295 2.2564364 1.1943785 1.1338509 1.1289603 1.0175688 1.5822516 
YP_009162617.1    0.9606770 0.9254555 0.9030470 0.9667153 0.8960967 0.9226358 0.9601108 0.9622696 0.9305951 1.0942785 1.0219291 0.9741052 0.9521508 0.9393169 0.0924349 0.2732890 0.2820623 0.2342875 0.2237457 1.0190235 0.2353245 0.0000000 0.2424616 1.1510131 0.1651789 1.2109565 1.2500302 1.3869504 1.2552751 1.2225405 1.4452376 1.3676690 1.4334660 1.3241153 1.3687939 1.3470867 1.3055044 1.3946903 1.4328632 1.2798370 0.8462673 1.5329524 1.5957404 2.1534483 2.1630828 1.9383052 2.0173039 2.4001575 1.2218304 1.1686483 1.2177381 0.9956721 1.6788476 
YP_009041462.1    1.0242020 0.9629235 0.9474338 1.0243706 0.9865807 0.9446850 0.9910118 1.0259663 0.9117856 1.1437453 1.0011391 0.9929064 0.9387724 0.9074490 0.2459148 0.1586123 0.1713224 0.0235595 0.0625294 1.1238268 0.0301277 0.2424616 0.0000000 1.2283309 0.2248189 1.2548932 1.2781144 1.4208924 1.2864714 1.2386445 1.4384713 1.4137622 1.4448055 1.3867692 1.4439118 1.3048355 1.4089548 1.4657727 1.4810076 1.3958148 0.8790277 1.5539666 1.6095399 2.1369882 2.0831399 1.8554167 1.9259187 2.3167302 1.2381076 1.1362545 1.0878727 0.9556613 1.6878117 
YP_006905853.1    1.2895112 1.2314792 1.1484041 1.2373732 1.0255779 1.0937659 1.1243580 0.9770215 1.2229031 1.1431877 1.1465274 1.1832198 1.2323401 1.2361245 1.1170852 1.1611565 1.1843515 1.2087820 1.2113983 1.1390448 1.1804770 1.1510131 1.2283309 0.0000000 1.1311854 0.1190635 0.2345572 1.4971583 1.3693738 1.5460364 1.4691881 1.5435511 1.5500936 1.5768286 1.4612011 1.4861464 1.5185855 1.6462424 1.6239849 1.6891252 0.8292958 1.6532665 1.7582431 2.3627199 2.4836558 2.3315030 2.2648225 2.4067401 1.3495844 1.4863099 1.3127689 0.8754885 4.0200929 
YP_009010978.1    0.9977545 0.9164763 0.8827113 0.9518674 0.9020400 0.8953530 0.9576039 0.9998157 0.9423695 1.0330449 1.0081661 0.9706378 0.9526351 0.9510296 0.1711146 0.2566673 0.2607604 0.2223801 0.2222842 1.0867831 0.2248643 0.1651789 0.2248189 1.1311854 0.0000000 1.2433874 1.2288241 1.3563743 1.2321320 1.2085770 1.4259652 1.4276042 1.4144343 1.2962451 1.4074698 1.3698736 1.2469743 1.4747445 1.5206308 1.3567323 0.8575789 1.5781252 1.6056712 2.0574598 2.2153920 1.8407484 1.9250694 2.1930289 1.2225463 1.2924779 1.2302422 0.8841223 1.8519406 
YP_004934009.1    1.2975584 1.2534362 1.1498507 1.2224256 1.0276216 1.1412852 1.1115828 0.9635281 1.2177680 1.2267197 1.1785179 1.2089576 1.2260897 1.2310048 1.1877417 1.2321614 1.2559750 1.2236551 1.2305434 1.1985324 1.2236276 1.2109565 1.2548932 0.1190635 1.2433874 0.0000000 0.2700055 1.5186182 1.4387224 1.5817627 1.5259389 1.5511257 1.5793447 1.5748168 1.4864811 1.5274043 1.6039225 1.7272690 1.6725774 1.7305784 0.8443321 1.7314224 1.7961660 2.4141758 2.4713550 2.3499294 2.2540302 2.3857705 1.3917179 1.3549831 1.3142852 0.9052019 4.0879649 
YP_002290967.1    1.3335299 1.2223649 1.1763813 1.2503756 1.1096286 1.1372889 1.1331389 0.9901019 1.2158761 1.1432567 1.1459307 1.1618519 1.2264604 1.2189845 1.2231412 1.2643974 1.2867198 1.2492421 1.2454401 1.2440001 1.2390246 1.2500302 1.2781144 0.2345572 1.2288241 0.2700055 0.0000000 1.4736369 1.3681578 1.5374286 1.4386982 1.5161605 1.5460689 1.4918056 1.4609137 1.4753172 1.5926580 1.6900120 1.6804054 1.6808833 0.8388587 1.6039013 1.8097238 2.4195823 2.3966877 2.3104276 2.2326028 2.3715579 1.4829405 1.5661810 1.4476503 0.9680125 2.9812799 
YP_009664779.1    1.2908395 1.3485243 1.3879780 1.4026664 1.6272432 1.2775578 1.2212670 1.2931963 1.2244478 1.3780092 1.2980733 1.3243279 1.2703172 1.2352680 1.3199017 1.3932069 1.3990068 1.4067029 1.3921045 1.3662706 1.4243151 1.3869504 1.4208924 1.4971583 1.3563743 1.5186182 1.4736369 0.0000000 0.7905412 0.9303425 0.8660216 0.9229122 0.9470757 0.8470829 0.8451864 0.9096470 0.8561040 1.2718217 1.2568421 1.1902686 0.9866966 0.9226719 1.6109784 2.4366898 2.4835473 2.2404308 2.3002234 2.2516767 1.0534393 1.0991303 0.8413363 1.5301812 2.3783054 
YP_009052461.1    1.2895774 1.3001245 1.2887790 1.3586709 1.4292964 1.2505192 1.0771577 1.2132524 1.1444983 1.3256913 1.0959593 1.0581967 1.1519294 1.1444983 1.1583057 1.2874987 1.2861224 1.2611687 1.2432878 1.3048355 1.2591796 1.2552751 1.2864714 1.3693738 1.2321320 1.4387224 1.3681578 0.7905412 0.0000000 0.5880138 0.6524740 0.7429837 0.6676333 0.5753850 0.6144344 0.7127243 0.6019125 1.1128506 1.0035300 1.2955201 1.0283282 0.7756735 1.4669403 2.2335586 2.3437630 2.2797834 2.2508398 2.0093047 1.1716472 1.1441684 0.5708586 1.1738258 2.6174590 
NP_795335.1       1.2709223 1.2899810 1.2239416 1.2411288 1.5164219 1.2564390 1.0961250 1.2330810 1.2779026 1.3569398 1.3118804 1.3333934 1.3007718 1.2860224 1.1688135 1.2233694 1.2252003 1.2431260 1.1827154 1.5213045 1.2576829 1.2225405 1.2386445 1.5460364 1.2085770 1.5817627 1.5374286 0.9303425 0.5880138 0.0000000 0.6864057 0.7816386 0.6286855 0.6531930 0.6327574 0.6821374 0.6933881 1.2980715 1.2335056 1.2673348 1.1488175 0.8284104 1.6133084 2.3939477 2.3554220 2.1211136 2.3330288 2.3434175 1.1012794 1.0401827 0.3107353 1.2472523 2.4743767 
YP_006905856.1    1.3080072 1.3112997 1.3194168 1.3900758 1.4189421 1.2267867 1.0817433 1.2839920 1.2899308 1.2364249 1.2858380 1.2357502 1.3156836 1.2930382 1.4030507 1.4261700 1.4278642 1.4068561 1.4055629 1.4262606 1.4087367 1.4452376 1.4384713 1.4691881 1.4259652 1.5259389 1.4386982 0.8660216 0.6524740 0.6864057 0.0000000 0.7064745 0.3012529 0.4093907 0.4208259 0.7533845 0.4200015 1.3677263 1.2366793 1.1575738 0.9726753 0.6480846 1.6953503 2.2535032 2.4931670 2.1695893 2.2525306 2.2101408 1.1789718 1.2070319 0.5899406 1.1208615 2.4764067 
YP_007003830.1    1.2888667 1.3651755 1.4146310 1.4541340 1.3168161 1.3669691 1.2102454 1.2087897 1.3625321 1.4448299 1.4980030 1.4150746 1.3850232 1.3737305 1.3299344 1.4006676 1.4137229 1.3772325 1.3211097 1.4981193 1.3873934 1.3676690 1.4137622 1.5435511 1.4276042 1.5511257 1.5161605 0.9229122 0.7429837 0.7816386 0.7064745 0.0000000 0.6911397 0.7322761 0.6886082 0.8352166 0.7550100 1.3190486 1.1602552 1.2009133 1.3022939 0.8251896 1.8041708 2.3485012 2.4331058 2.1447318 2.3018591 2.4765922 1.1037658 1.1897592 0.7782854 1.4899634 2.4996180 
YP_003275951.1    1.3414646 1.3224605 1.3369795 1.4108848 1.3480238 1.2692092 1.0395505 1.2148211 1.3300351 1.3439508 1.3346512 1.2864013 1.3660393 1.3283080 1.3716483 1.4696533 1.4920995 1.4330505 1.3674679 1.5381414 1.4474086 1.4334660 1.4448055 1.5500936 1.4144343 1.5793447 1.5460689 0.9470757 0.6676333 0.6286855 0.3012529 0.6911397 0.0000000 0.3877659 0.3876281 0.6940528 0.4191337 1.4708428 1.2802063 1.1084582 1.0272738 0.6474241 1.6493737 2.3601953 2.5365403 2.1790017 2.1904457 2.2441907 1.1455183 1.0896892 0.5527454 1.0397994 2.8261319 
YP_006905859.1    1.4128375 1.3144312 1.4179258 1.4580431 1.4705397 1.2676994 1.0104811 1.1684596 1.2118573 1.3869622 1.2831011 1.2175163 1.2425275 1.2149565 1.2849483 1.3605514 1.3666107 1.3576082 1.3452218 1.3665623 1.3682247 1.3241153 1.3867692 1.5768286 1.2962451 1.5748168 1.4918056 0.8470829 0.5753850 0.6531930 0.4093907 0.7322761 0.3877659 0.0000000 0.4179559 0.7128671 0.2550386 1.2738001 1.1962499 1.1755631 0.9917220 0.6585015 1.6348504 2.3071636 2.2567769 2.0202367 2.0856563 2.1543021 0.9310906 1.0854741 0.5819582 1.3197590 2.8334071 
YP_009047078.1    1.3369290 1.3483233 1.4267294 1.4735666 1.3611526 1.2905743 1.1038556 1.1244705 1.3696218 1.3174392 1.4325347 1.3315429 1.4408652 1.3862502 1.2582396 1.4526488 1.4543731 1.4289232 1.4093549 1.4243611 1.4467562 1.3687939 1.4439118 1.4612011 1.4074698 1.4864811 1.4609137 0.8451864 0.6144344 0.6327574 0.4208259 0.6886082 0.3876281 0.4179559 0.0000000 0.6646108 0.4997908 1.3306340 1.3377792 1.1549848 1.0720118 0.6541857 1.6560458 2.3062317 2.4458687 2.1556678 2.3202562 2.2463983 1.0413664 1.0817264 0.5552951 1.1669752 2.4924151 
NP_059945.2       1.2682359 1.2938957 1.3509327 1.4523688 1.4821258 1.2522365 1.1734353 1.1144777 1.2882153 1.3756799 1.3812163 1.3114281 1.3356395 1.2849264 1.2574519 1.3279817 1.3386360 1.2747604 1.2539982 1.3678896 1.2906131 1.3470867 1.3048355 1.4861464 1.3698736 1.5274043 1.4753172 0.9096470 0.7127243 0.6821374 0.7533845 0.8352166 0.6940528 0.7128671 0.6646108 0.0000000 0.7137931 1.3931100 1.2688427 1.2570909 1.1606213 0.5002085 1.5414611 2.3688354 2.2667559 2.0263123 2.2661334 2.4332267 1.0724174 1.1015473 0.7162141 1.5975389 2.8352637 
YP_003090286.1    1.4251899 1.3724914 1.4072326 1.4813385 1.4552141 1.2701588 1.1134565 1.1879255 1.2955975 1.3067308 1.2722273 1.2331839 1.3234105 1.2921927 1.2446747 1.3427297 1.3486298 1.3788053 1.3488655 1.3660814 1.3870162 1.3055044 1.4089548 1.5185855 1.2469743 1.6039225 1.5926580 0.8561040 0.6019125 0.6933881 0.4200015 0.7550100 0.4191337 0.2550386 0.4997908 0.7137931 0.0000000 1.4055430 1.2124327 1.1333901 1.0984872 0.7171591 1.6011158 2.2637641 2.5437333 2.0662236 2.2235629 2.2708275 0.9442399 1.0958252 0.7117620 1.2058013 3.1172095 
YP_009664790.1    1.6643592 1.6606650 1.5667641 1.6119159 1.5400378 1.4535393 1.3171645 1.4763058 1.5129541 1.5412868 1.4233676 1.4494639 1.5566825 1.5251318 1.3555583 1.4602325 1.4775950 1.4376587 1.4238847 1.7011914 1.4305875 1.3946903 1.4657727 1.6462424 1.4747445 1.7272690 1.6900120 1.2718217 1.1128506 1.2980715 1.3677263 1.3190486 1.4708428 1.2738001 1.3306340 1.3931100 1.4055430 0.0000000 0.5242051 1.0735117 1.5080716 1.4594599 2.0798066 2.6072006 2.5481067 2.3922597 2.2484222 2.3862305 0.9132467 0.9261312 1.2661291 2.0594491 3.6510542 
YP_009664787.1    1.4613942 1.4445251 1.5902428 1.6155669 1.4923259 1.5427615 1.3374210 1.5396380 1.3800705 1.6322491 1.3455075 1.3654680 1.4160118 1.3651580 1.4215230 1.4970525 1.5191520 1.4480957 1.4250418 1.5815300 1.4602295 1.4328632 1.4810076 1.6239849 1.5206308 1.6725774 1.6804054 1.2568421 1.0035300 1.2335056 1.2366793 1.1602552 1.2802063 1.1962499 1.3377792 1.2688427 1.2124327 0.5242051 0.0000000 1.2146916 1.4123084 1.3029393 1.8230026 2.1842005 2.3750701 2.1742569 2.0596748 2.2792161 1.1140392 1.0925017 1.2003023 2.0364023 2.3097582 
YP_009664783.1    1.4858431 1.4074652 1.3069107 1.3561105 1.4196996 1.4492091 1.4469392 1.3408137 1.4002383 1.5241178 1.3849620 1.4259344 1.3948970 1.4002383 1.3108339 1.2897510 1.3087331 1.3648915 1.3116077 1.5203941 1.3670722 1.2798370 1.3958148 1.6891252 1.3567323 1.7305784 1.6808833 1.1902686 1.2955201 1.2673348 1.1575738 1.2009133 1.1084582 1.1755631 1.1549848 1.2570909 1.1333901 1.0735117 1.2146916 0.0000000 1.3147242 1.2744373 1.5418639 2.1381929 2.3875527 1.8921349 1.9260633 2.1578250 0.4857746 0.6715827 1.1757514 2.4785149 3.0568090 
YP_009380533.1    0.8737759 0.8842219 0.8847291 0.9157243 0.7986847 0.3378707 0.5418335 0.8362683 0.3918955 0.7207414 0.4195460 0.3928877 0.3839563 0.3918955 0.8110082 0.8457395 0.8467616 0.8637491 0.8668053 1.1006729 0.8683527 0.8462673 0.8790277 0.8292958 0.8575789 0.8443321 0.8388587 0.9866966 1.0283282 1.1488175 0.9726753 1.3022939 1.0272738 0.9917220 1.0720118 1.1606213 1.0984872 1.5080716 1.4123084 1.3147242 0.0000000 1.1670852 1.4675299 1.9578278 1.8949881 1.7351524 1.6303145 1.7519362 1.5368265 1.4527879 1.2039221 0.2103521 9.0000000 
YP_009047246.1    1.5002026 1.5776729 1.5949649 1.6701423 1.5640284 1.3962407 1.2741009 1.2934521 1.4641651 1.5115655 1.5265078 1.4333304 1.5108842 1.4759340 1.4390207 1.5650855 1.5837110 1.5256983 1.4898563 1.6198574 1.5508986 1.5329524 1.5539666 1.6532665 1.5781252 1.7314224 1.6039013 0.9226719 0.7756735 0.8284104 0.6480846 0.8251896 0.6474241 0.6585015 0.6541857 0.5002085 0.7171591 1.4594599 1.3029393 1.2744373 1.1670852 0.0000000 1.6533958 2.2979811 2.5371188 2.1073275 2.2509786 2.3874864 1.0963419 1.2604815 0.7201806 1.5403405 2.4069537 
YP_009010968.1    1.6691699 1.6393414 1.7309866 1.7845859 1.5485158 1.7328038 1.5617022 1.4838440 1.5663961 1.5103154 1.6151104 1.5603622 1.6143668 1.5619185 1.5884897 1.5279472 1.5487936 1.5867377 1.6012849 1.5780374 1.5763236 1.5957404 1.6095399 1.7582431 1.6056712 1.7961660 1.8097238 1.6109784 1.4669403 1.6133084 1.6953503 1.8041708 1.6493737 1.6348504 1.6560458 1.5414611 1.6011158 2.0798066 1.8230026 1.5418639 1.4675299 1.6533958 0.0000000 2.4802713 2.4746792 2.4443941 2.2469061 2.6886629 1.7837177 1.7054231 1.5657643 1.8093577 1.9486044 
YP_009362294.1    2.1498821 1.9728204 2.0247741 2.0574791 2.2996475 2.3402468 1.9021122 2.1987495 2.2476160 2.2418909 2.3205992 2.2766471 2.2680257 2.2620917 2.0278947 2.1301137 2.1173794 2.0561128 2.1102061 2.0853024 2.1076776 2.1534483 2.1369882 2.3627199 2.0574598 2.4141758 2.4195823 2.4366898 2.2335586 2.3939477 2.2535032 2.3485012 2.3601953 2.3071636 2.3062317 2.3688354 2.2637641 2.6072006 2.1842005 2.1381929 1.9578278 2.2979811 2.4802713 0.0000000 1.0974198 0.6392327 0.6723684 0.9931837 2.5468021 2.2761578 2.2506210 3.3634755 2.4701164 
NP_620617.2       2.0709565 2.0754075 2.2446266 2.2893061 2.2636756 1.9878119 1.9491218 2.3252111 2.0257178 2.1605310 2.0838701 2.0929883 2.1105464 2.0216532 2.1672152 2.1321662 2.1312481 2.0431792 2.0809309 2.3622598 2.0431667 2.1630828 2.0831399 2.4836558 2.2153920 2.4713550 2.3966877 2.4835473 2.3437630 2.3554220 2.4931670 2.4331058 2.5365403 2.2567769 2.4458687 2.2667559 2.5437333 2.5481067 2.3750701 2.3875527 1.8949881 2.5371188 2.4746792 1.0974198 0.0000000 1.1395471 1.1114506 1.4021297 2.7810515 2.4379222 2.4676327 3.1762951 1.9023674 
YP_002728002.1    2.2206384 2.0151223 2.0689360 2.1730315 2.1454921 2.0814314 1.7854362 2.0746765 1.9688874 2.1980195 2.1313438 2.1248666 1.9781009 1.9815938 1.8465095 1.9057591 1.9218663 1.8237772 1.8099314 2.3218277 1.8293779 1.9383052 1.8554167 2.3315030 1.8407484 2.3499294 2.3104276 2.2404308 2.2797834 2.1211136 2.1695893 2.1447318 2.1790017 2.0202367 2.1556678 2.0263123 2.0662236 2.3922597 2.1742569 1.8921349 1.7351524 2.1073275 2.4443941 0.6392327 1.1395471 0.0000000 0.4399449 0.9427663 2.2603488 1.9929330 2.1558531 2.4508763 3.6374636 
NP_987087.2       2.1835512 2.1230713 2.0645328 2.1476098 2.1949882 2.1855718 1.8293438 2.1421894 2.0990189 2.1475153 2.2049685 2.1658143 2.1284553 2.0922397 1.8676312 1.9945222 1.9955820 1.8952516 1.9432722 2.2343670 1.8998295 2.0173039 1.9259187 2.2648225 1.9250694 2.2540302 2.2326028 2.3002234 2.2508398 2.3330288 2.2525306 2.3018591 2.1904457 2.0856563 2.3202562 2.2661334 2.2235629 2.2484222 2.0596748 1.9260633 1.6303145 2.2509786 2.2469061 0.6723684 1.1114506 0.4399449 0.0000000 0.9645028 2.1990155 2.1113829 2.2523171 2.8491723 3.9564279 
NP_853540.1       2.3064266 2.2540527 2.1168084 2.3023453 2.3410371 2.3280261 1.9313190 2.4849592 2.3296544 2.3721782 2.2995372 2.3669269 2.3726589 2.3567472 2.2354144 2.3427681 2.3756349 2.3034232 2.2454947 2.4360341 2.2564364 2.4001575 2.3167302 2.4067401 2.1930289 2.3857705 2.3715579 2.2516767 2.0093047 2.3434175 2.2101408 2.4765922 2.2441907 2.1543021 2.2463983 2.4332267 2.2708275 2.3862305 2.2792161 2.1578250 1.7519362 2.3874864 2.6886629 0.9931837 1.4021297 0.9427663 0.9645028 0.0000000 2.3804948 2.2691041 2.4730148 2.7258854 3.7888027 
YP_009664785.1    1.3953011 1.3979670 1.2887829 1.4992589 1.3855414 1.1664297 1.5168910 1.1477251 1.3579558 1.3615440 1.2801165 1.3480283 1.3365609 1.3579558 1.1442893 1.1670960 1.1940728 1.2063175 1.2073278 1.5250562 1.1943785 1.2218304 1.2381076 1.3495844 1.2225463 1.3917179 1.4829405 1.0534393 1.1716472 1.1012794 1.1789718 1.1037658 1.1455183 0.9310906 1.0413664 1.0724174 0.9442399 0.9132467 1.1140392 0.4857746 1.5368265 1.0963419 1.7837177 2.5468021 2.7810515 2.2603488 2.1990155 2.3804948 0.0000000 0.6589018 1.1268795 1.8459513 9.0000000 
YP_009664781.1    1.4563833 1.3355093 1.2543620 1.3722373 1.5181750 1.1661387 1.2011168 1.3632097 1.3152280 1.6111594 1.2941845 1.3326833 1.3418448 1.3152280 1.1345404 1.1711465 1.2248945 1.1170951 1.1554484 1.5814619 1.1338509 1.1686483 1.1362545 1.4863099 1.2924779 1.3549831 1.5661810 1.0991303 1.1441684 1.0401827 1.2070319 1.1897592 1.0896892 1.0854741 1.0817264 1.1015473 1.0958252 0.9261312 1.0925017 0.6715827 1.4527879 1.2604815 1.7054231 2.2761578 2.4379222 1.9929330 2.1113829 2.2691041 0.6589018 0.0000000 1.1326302 1.5445237 9.0000000 
YP_009664777.1    1.2553465 1.2790412 1.2499457 1.3616306 1.4930860 1.2037465 1.0685724 0.9498948 1.1123998 1.2855938 1.2184033 1.2276723 1.1388272 1.1123998 1.1502784 1.0927471 1.1146150 1.1020933 1.1438673 1.4332161 1.1289603 1.2177381 1.0878727 1.3127689 1.2302422 1.3142852 1.4476503 0.8413363 0.5708586 0.3107353 0.5899406 0.7782854 0.5527454 0.5819582 0.5552951 0.7162141 0.7117620 1.2661291 1.2003023 1.1757514 1.2039221 0.7201806 1.5657643 2.2506210 2.4676327 2.1558531 2.2523171 2.4730148 1.1268795 1.1326302 0.0000000 1.3705943 9.0000000 
YP_009666025.1    1.0368092 1.2353516 1.1138749 1.2808938 0.8782783 0.0000010 0.4163379 0.9437382 0.3254262 0.6037210 0.3065887 0.3092095 0.3254262 0.3254262 0.8842638 1.0111836 1.0180523 0.9578491 0.9554802 1.1351398 1.0175688 0.9956721 0.9556613 0.8754885 0.8841223 0.9052019 0.9680125 1.5301812 1.1738258 1.2472523 1.1208615 1.4899634 1.0397994 1.3197590 1.1669752 1.5975389 1.2058013 2.0594491 2.0364023 2.4785149 0.2103521 1.5403405 1.8093577 3.3634755 3.1762951 2.4508763 2.8491723 2.7258854 1.8459513 1.5445237 1.3705943 0.0000000 9.0000000 
cef630_NODE_270_2 0.0187762 0.6698192 0.9527272 0.8935985 1.2358121 1.7089988 1.8138333 2.2452458 2.0248101 2.2721265 1.7560063 1.9011068 2.0788151 2.0248101 1.7636810 1.4369010 1.4072387 1.5452342 1.4587712 2.2932541 1.5822516 1.6788476 1.6878117 4.0200929 1.8519406 4.0879649 2.9812799 2.3783054 2.6174590 2.4743767 2.4764067 2.4996180 2.8261319 2.8334071 2.4924151 2.8352637 3.1172095 3.6510542 2.3097582 3.0568090 9.0000000 2.4069537 1.9486044 2.4701164 1.9023674 3.6374636 3.9564279 3.7888027 9.0000000 9.0000000 9.0000000 9.0000000 0.0000000 
