53
YP_006843891.1_Murine_astrovirus                                                                                         0.0000000 0.5139531 0.6091507 0.6611112 0.8504888 0.9974693 0.8874612 1.0635397 1.0087526 1.0836559 1.0285359 1.0068836 1.0010513 1.0087526 0.9540722 0.9496683 0.9460943 0.9931196 0.9669794 1.2901099 1.0043611 0.9637047 1.0272264 1.2891367 1.0057768 1.2971723 1.3331715 1.2905163 1.2892451 1.2706027 1.3076778 1.2885175 1.3411380 1.4124720 1.3366110 1.2679347 1.4248103 1.6637857 1.4609649 1.4705833 0.8736228 1.4997779 1.6686459 2.1490939 2.0701929 2.2198067 2.1827312 2.3054892 1.3949179 1.4559485 1.2550575 1.0366161 0.0096537 
YP_009448179.1_Rodent_astrovirus                                                                                         0.5139531 0.0000000 0.5612627 0.6092160 0.8378939 1.0348818 0.8878078 1.0789527 0.9934218 1.0363608 1.0270001 1.0504293 1.0291086 0.9909988 0.9250309 0.9337491 0.9448353 0.9590833 0.9636965 1.3011144 0.9632402 0.9284435 0.9658986 1.2311448 0.9241029 1.2530785 1.2220542 1.3481304 1.2997776 1.2896287 1.3109355 1.3647527 1.3220950 1.3140486 1.3479551 1.2935675 1.3720758 1.6600810 1.4440837 1.3939740 0.8840579 1.5771710 1.6388066 1.9721169 2.0746441 2.0144112 2.1223188 2.2531228 1.3975409 1.3350998 1.2787036 1.2350612 0.4721180 
YP_009010981.1_Porcine_astrovirus_4                                                                                      0.6091507 0.5612627 0.0000000 0.0602518 0.9208669 0.9921578 0.9559520 1.1219987 1.0804299 1.1312054 1.0690145 1.0637346 1.0906566 1.0941428 0.8685741 0.8973510 0.9159929 0.9261147 0.9412710 1.2791428 0.9244228 0.9060138 0.9503818 1.1481095 0.8901147 1.1495431 1.1760959 1.3875980 1.2884562 1.2236395 1.3190696 1.4142192 1.3366434 1.4175318 1.4263604 1.3506046 1.4068407 1.5662504 1.5897534 1.2870943 0.8845632 1.5945013 1.7304038 2.0241086 2.2438303 2.0682659 2.0638675 2.1160224 1.2884450 1.2540389 1.2496836 1.1136213 0.4899794 
YP_005271208.1_Astrovirus_wild_boar_WBAstV-1_2011_HUN                                                                    0.6611112 0.6092160 0.0602518 0.0000000 0.9742204 1.0330057 1.0115004 1.1626297 1.1374195 1.1633234 1.1224071 1.1014927 1.1502761 1.1549601 0.9274027 0.9405295 0.9566357 1.0068360 1.0129337 1.2948127 1.0048702 0.9696898 1.0273259 1.2370415 0.9595224 1.2220799 1.2500517 1.4022695 1.3583262 1.2408149 1.3896922 1.4536976 1.4105180 1.4576182 1.4731798 1.4520063 1.4809161 1.6113796 1.6150540 1.3355185 0.9155399 1.6696359 1.7839691 2.0567782 2.2884481 2.1723146 2.1468860 2.3014240 1.4988167 1.3718600 1.3613310 1.2805469 0.5477782 
YP_009154706.1_Astrovirus_Er_SZAL6_HUN_2011                                                                              0.8504888 0.8378939 0.9208669 0.9742204 0.0000000 0.9210429 1.0418844 0.8471690 0.9237945 0.9115769 0.9531219 0.9624295 0.9408667 0.9237945 0.8724895 0.9479353 0.9673030 0.9736775 0.9495868 1.3075984 0.9797416 0.9046390 0.9954681 1.0253213 0.9107108 1.0273779 1.1093766 1.6267600 1.4289260 1.5160049 1.4185919 1.3164592 1.3477105 1.4701487 1.3608312 1.4817483 1.4548342 1.5395869 1.4919091 1.4355836 0.7985418 1.5636089 1.5480958 2.2987996 2.2628320 2.1447101 2.1942207 2.3401124 1.3851678 1.5177827 1.4926966 0.8781465 0.8358493 
YP_009130648.1_Canine_astrovirus                                                                                         0.9974693 1.0348818 0.9921578 1.0330057 0.9210429 0.0000000 0.6409706 0.9626661 0.5373854 0.9343613 0.5547286 0.5555960 0.5452155 0.5417663 0.8656878 0.8726833 0.8857520 0.9073263 0.9235990 1.2397730 0.9164171 0.9191993 0.9412555 1.0924400 0.8996935 1.1339720 1.1300982 1.2725739 1.2424214 1.2553794 1.2188367 1.3585657 1.2618888 1.2593019 1.2831665 1.2473363 1.2621877 1.4531033 1.5423129 1.4143371 0.3321765 1.3909918 1.7226102 2.3369427 1.9845143 2.0746673 2.1733736 2.3150026 1.1661386 1.1658971 1.2034627 0.0000010 0.8760076 
YP_009664775.1_Bottlenose_dolphin_astrovirus_1                                                                           0.8874612 0.8878078 0.9559520 1.0115004 1.0418844 0.6409706 0.0000000 0.9661463 0.6506236 1.0071097 0.6467930 0.6482918 0.6520370 0.6506236 0.9415202 0.9428924 0.9490188 0.9630384 0.9536973 1.0913964 0.9633552 0.9526548 0.9836121 1.1229541 0.9538264 1.1037088 1.1252668 1.2158956 1.0695003 1.0948238 1.0738824 1.2018429 1.0323688 1.0025261 1.0964802 1.1681745 1.1053804 1.3167837 1.3370539 1.4273041 0.5346358 1.2685643 1.5514535 1.8986388 1.9456112 1.7786323 1.8176448 1.9189489 1.5163680 1.2007941 1.0683390 0.4163040 0.8870051 
YP_009094053.1_Rabbit_astrovirus_TN_2208_2010                                                                            1.0635397 1.0789527 1.1219987 1.1626297 0.8471690 0.9626661 0.9661463 0.0000000 0.9926966 0.7151907 1.1083325 1.0799618 1.0071597 0.9926966 0.9655284 1.0237150 1.0260091 1.0201709 1.0049791 1.2199469 1.0246854 0.9639774 1.0277825 0.9720990 1.0000381 0.9578945 0.9846025 1.2850540 1.2103267 1.2278356 1.2810309 1.2032484 1.2135986 1.1732973 1.1231519 1.1074382 1.1824247 1.4758476 1.5391805 1.3199043 0.8284048 1.2855022 1.4809347 2.1888740 2.3145811 2.0629061 2.1391997 2.4817631 1.1474148 1.3628352 0.9496848 0.9435037 0.9279746 
NP_751905.1_Human_astrovirus                                                                                             1.0087526 0.9934218 1.0804299 1.1374195 0.9237945 0.5373854 0.6506236 0.9926966 0.0000000 0.9533208 0.3516524 0.3114852 0.0302054 0.0020912 0.8453007 0.9093403 0.9106795 0.8809843 0.8655482 1.1717359 0.9116978 0.9304026 0.9116013 1.2166911 0.9421866 1.2220685 1.2201266 1.2160033 1.1434526 1.2716877 1.2891843 1.3538991 1.3263959 1.2062004 1.3660039 1.2796067 1.2872087 1.5124954 1.3796932 1.3819908 0.3934998 1.4544235 1.5662880 2.2397917 2.0183812 1.9564781 2.1005024 2.3319152 1.3575633 1.3148419 1.1121612 0.3253993 0.9070468 
YP_009345903.1_Qinghai_Himalayan_marmot_astrovirus_2                                                                     1.0836559 1.0363608 1.1312054 1.1633234 0.9115769 0.9343613 1.0071097 0.7151907 0.9533208 0.0000000 1.0864435 1.0159994 0.9578259 0.9533208 1.0497289 1.0812232 1.0907120 1.1126057 1.1043713 1.1196133 1.1311618 1.0943848 1.1438359 1.1427377 1.0329862 1.2214175 1.1382229 1.3706308 1.3186120 1.3569090 1.2296261 1.4368242 1.3406479 1.3799195 1.3141475 1.3685680 1.2992834 1.5408241 1.6317693 1.5052214 0.7146942 1.5039466 1.5026994 2.2524665 2.1708882 2.1877902 2.1375352 2.3611470 1.3611663 1.6106902 1.2852786 0.6036254 0.9327007 
YP_009094278.1_Mamastrovirus_3                                                                                           1.0285359 1.0270001 1.0690145 1.1224071 0.9531219 0.5547286 0.6467930 1.1083325 0.3516524 1.0864435 0.0000000 0.1153378 0.3547355 0.3516383 0.9619857 1.0016913 1.0081572 0.9918419 0.9937735 1.2083711 0.9750896 1.0233707 1.0025667 1.1509897 1.0123757 1.1724175 1.1398914 1.2933044 1.0901872 1.3170658 1.2795596 1.4925118 1.3330445 1.2777364 1.4309973 1.3763502 1.2671658 1.4229658 1.3451508 1.3611394 0.4137103 1.5211935 1.6077652 2.3226686 2.0853648 2.1248304 2.1956953 2.2900092 1.2797362 1.2938512 1.2181269 0.3065647 0.8769729 
YP_008519301.1_Feline_astrovirus_2                                                                                       1.0068836 1.0504293 1.0637346 1.1014927 0.9624295 0.5555960 0.6482918 1.0799618 0.3114852 1.0159994 0.1153378 0.0000000 0.3171513 0.3114847 0.9155602 0.9777190 0.9760013 0.9799486 0.9632930 1.1442822 0.9773570 0.9810067 0.9999063 1.1815154 0.9742470 1.2053085 1.1582624 1.3140154 1.0525459 1.3317811 1.2297831 1.4139995 1.2915967 1.2163031 1.3369621 1.3011355 1.2318880 1.4490375 1.3651080 1.4096379 0.3888712 1.4221592 1.5536486 2.2723891 2.0888780 2.1100194 2.1576133 2.3583424 1.3476257 1.3323181 1.2273936 0.3091890 0.8835434 
YP_009275017.1_Mamastrovirus_1                                                                                           1.0010513 1.0291086 1.0906566 1.1502761 0.9408667 0.5452155 0.6520370 1.0071597 0.0302054 0.9578259 0.3547355 0.3171513 0.0000000 0.0302314 0.8628035 0.9207502 0.9221248 0.9071834 0.8896521 1.1542837 0.9286262 0.9519502 0.9385751 1.2261186 0.9524473 1.2304187 1.2307506 1.2616742 1.1508929 1.2944681 1.3149832 1.3763651 1.3623597 1.2368064 1.4371712 1.3267920 1.3149203 1.5561922 1.4156134 1.3767019 0.3855330 1.5008975 1.6143686 2.2601549 2.1029568 1.9657069 2.1300281 2.3750623 1.3361753 1.3414492 1.1385854 0.3253993 0.9082927 
NP_059443.2_Human_astrovirus                                                                                             1.0087526 0.9909988 1.0941428 1.1549601 0.9237945 0.5417663 0.6506236 0.9926966 0.0020912 0.9533208 0.3516383 0.3114847 0.0302314 0.0000000 0.8512130 0.9092265 0.9105633 0.8768152 0.8614657 1.1735833 0.9074073 0.9391222 0.9072657 1.2298865 0.9508446 1.2353596 1.2232416 1.2267925 1.1434526 1.2797869 1.2922992 1.3650795 1.3246734 1.2093041 1.3826246 1.2763411 1.2838211 1.5246684 1.3647851 1.3819908 0.3934998 1.4661537 1.5617961 2.2542285 2.0143341 1.9691222 2.0936935 2.3591033 1.3575633 1.3148419 1.1121612 0.3253993 0.9070468 
YP_009380531.1_Mamastrovirus_2                                                                                           0.9540722 0.9250309 0.8685741 0.9274027 0.8724895 0.8656878 0.9415202 0.9655284 0.8453007 1.0497289 0.9619857 0.9155602 0.8628035 0.8512130 0.0000000 0.2771914 0.2860673 0.2340130 0.2321283 1.0272551 0.2409171 0.0924322 0.2459015 1.1186177 0.1711070 1.1874233 1.2228382 1.3151565 1.1556200 1.1727755 1.4000591 1.3357187 1.3806956 1.2871204 1.2666742 1.2505886 1.2466742 1.3672289 1.4319446 1.3304239 0.8108659 1.4313201 1.5847680 2.0412742 2.1730220 1.8492116 1.8599408 2.2342482 1.1439936 1.1342663 1.1500284 0.8841164 0.8937600 
YP_009010943.1_Bovine_astrovirus_B76_HK                                                                                  0.9496683 0.9337491 0.8973510 0.9405295 0.9479353 0.8726833 0.9428924 1.0237150 0.9093403 1.0812232 1.0016913 0.9777190 0.9207502 0.9092265 0.2771914 0.0000000 0.0129631 0.1501274 0.1483197 1.1110572 0.1497449 0.2732715 0.1586064 1.1627260 0.2566517 1.2318485 1.2640873 1.3882057 1.2846159 1.2274463 1.4230905 1.4067492 1.4792824 1.3628302 1.4621485 1.3208083 1.3449124 1.4726064 1.5078655 1.3030916 0.8455633 1.5567550 1.5242968 2.1443463 2.1378611 1.9086319 1.9861561 2.3414207 1.1667638 1.1708492 1.0925299 1.0109949 0.8794074 
YP_009010952.1_Bovine_astrovirus_B170_HK                                                                                 0.9460943 0.9448353 0.9159929 0.9566357 0.9673030 0.8857520 0.9490188 1.0260091 0.9106795 1.0907120 1.0081572 0.9760013 0.9221248 0.9105633 0.2860673 0.0129631 0.0000000 0.1626294 0.1608392 1.1061886 0.1622159 0.2820438 0.1713154 1.1859356 0.2607450 1.2556475 1.2863960 1.3939809 1.2832289 1.2292864 1.4247758 1.4198677 1.5018636 1.3688917 1.4638854 1.3314045 1.3508167 1.4900230 1.5300312 1.3222423 0.8465855 1.5752986 1.5451127 2.1315144 2.1369338 1.9247749 1.9872440 2.3742529 1.1937309 1.2245645 1.1143825 1.0178564 0.8758806 
YP_009010946.1_Bovine_astrovirus_B76-2_HK                                                                                0.9931196 0.9590833 0.9261147 1.0068360 0.9736775 0.9073263 0.9630384 1.0201709 0.8809843 1.1126057 0.9918419 0.9799486 0.9071834 0.8768152 0.2340130 0.1501274 0.1626294 0.0000000 0.0481675 1.1077038 0.0234715 0.2342744 0.0235594 1.2103855 0.2223674 1.2233386 1.2489299 1.4017078 1.2583277 1.2472175 1.4038144 1.3832245 1.4424867 1.3598755 1.4382292 1.2678059 1.3810381 1.4498326 1.4587487 1.3790873 0.8635948 1.5175525 1.5830158 2.0697301 2.0486443 1.8264372 1.8873949 2.3021473 1.2059647 1.1167982 1.1018715 0.9577031 0.9140240 
YP_009480536.1_Sichuan_takin_astrovirus                                                                                  0.9669794 0.9636965 0.9412710 1.0129337 0.9495868 0.9235990 0.9536973 1.0049791 0.8655482 1.1043713 0.9937735 0.9632930 0.8896521 0.8614657 0.2321283 0.1483197 0.1608392 0.0481675 0.0000000 1.1083623 0.0622873 0.2237336 0.0625284 1.2130079 0.2222716 1.2302321 1.2451363 1.3871629 1.2404778 1.1866947 1.4025423 1.3268667 1.3765612 1.3474771 1.4185753 1.2471357 1.3510510 1.4360088 1.4355734 1.3252220 0.8666499 1.4818581 1.5975357 2.1242246 2.0865088 1.8125653 1.9351601 2.2442737 1.2069845 1.1551534 1.1436457 0.9553240 0.9004640 
YP_009345898.1_Qinghai_Himalayan_marmot_astrovirus_1                                                                     1.2901099 1.3011144 1.2791428 1.2948127 1.3075984 1.2397730 1.0913964 1.2199469 1.1717359 1.1196133 1.2083711 1.1442822 1.1542837 1.1735833 1.0272551 1.1110572 1.1061886 1.1077038 1.1083623 0.0000000 1.1046496 1.0277022 1.1329145 1.1387536 1.0959112 1.1982097 1.2436882 1.3659494 1.3045312 1.5208565 1.4258874 1.4976766 1.5377143 1.3661977 1.4239753 1.3675497 1.3657284 1.7006099 1.5810388 1.5291767 1.1004190 1.6193819 1.5775596 2.0845440 2.3612644 2.3209792 2.2335226 2.4349980 1.5245877 1.5809503 1.4328672 1.1348997 1.1306062 
YP_009010949.1_Bovine_astrovirus_B18_HK                                                                                  1.0043611 0.9632402 0.9244228 1.0048702 0.9797416 0.9164171 0.9633552 1.0246854 0.9116978 1.1311618 0.9750896 0.9773570 0.9286262 0.9074073 0.2409171 0.1497449 0.1622159 0.0234715 0.0622873 1.1046496 0.0000000 0.2353107 0.0301275 1.1820557 0.2248513 1.2233203 1.2387226 1.4192917 1.2563438 1.2617890 1.4057013 1.3934170 1.4568919 1.3704947 1.4561269 1.2836186 1.3892528 1.4427098 1.4708817 1.3874717 0.8681953 1.5426851 1.5726418 2.1216366 2.0486207 1.8320540 1.8919627 2.2552091 1.1940319 1.1335510 1.1287315 1.0174113 0.9266589 
YP_009162617.1_Dromedary_astrovirus                                                                                      0.9637047 0.9284435 0.9060138 0.9696898 0.9046390 0.9191993 0.9526548 0.9639774 0.9304026 1.0943848 1.0233707 0.9810067 0.9519502 0.9391222 0.0924322 0.2732715 0.2820438 0.2342744 0.2237336 1.0277022 0.2353107 0.0000000 0.2424472 1.1525614 0.1651715 1.2106226 1.2497126 1.3820065 1.2524158 1.2266396 1.4421340 1.3736498 1.4429482 1.3263398 1.3779362 1.3397608 1.3076111 1.4065406 1.4433676 1.2992117 0.8461007 1.5247530 1.5920023 2.1677564 2.1688737 1.9412288 2.0088691 2.3987779 1.2214867 1.1683426 1.2174405 0.9954731 0.9019842 
YP_009041462.1_Bovine_astrovirus                                                                                         1.0272264 0.9658986 0.9503818 1.0273259 0.9954681 0.9412555 0.9836121 1.0277825 0.9116013 1.1438359 1.0025667 0.9999063 0.9385751 0.9072657 0.2459015 0.1586064 0.1713154 0.0235594 0.0625284 1.1329145 0.0301275 0.2424472 0.0000000 1.2299606 0.2248051 1.2545636 1.2777987 1.4158483 1.2835834 1.2427309 1.4353754 1.4199270 1.4543144 1.3890804 1.4533080 1.2977609 1.4112497 1.4781521 1.4917995 1.4103620 0.8788638 1.5456897 1.6057721 2.1511892 2.0887111 1.8581550 1.9179080 2.3154419 1.2377486 1.1359431 1.0876571 0.9555048 0.9507088 
YP_006905853.1_Astrovirus_MLB3                                                                                           1.2891367 1.2311448 1.1481095 1.2370415 1.0253213 1.0924400 1.1229541 0.9720990 1.2166911 1.1427377 1.1509897 1.1815154 1.2261186 1.2298865 1.1186177 1.1627260 1.1859356 1.2103855 1.2130079 1.1387536 1.1820557 1.1525614 1.2299606 0.0000000 1.1359357 0.1164034 0.2315185 1.4919136 1.3626953 1.5523525 1.4623217 1.5379704 1.5485993 1.5706968 1.4596161 1.4809495 1.5130791 1.6456673 1.6234574 1.6709874 0.8213297 1.6476757 1.7504238 2.3649192 2.4861909 2.3245045 2.2553666 2.3965041 1.3491552 1.4858624 1.3124214 0.8752616 1.1365959 
YP_009010978.1_Porcine_astrovirus_2                                                                                      1.0057768 0.9241029 0.8901147 0.9595224 0.9107108 0.8996935 0.9538264 1.0000381 0.9421866 1.0329862 1.0123757 0.9742470 0.9524473 0.9508446 0.1711070 0.2566517 0.2607450 0.2223674 0.2222716 1.0959112 0.2248513 0.1651715 0.2248051 1.1359357 0.0000000 1.2430439 1.2285179 1.3543650 1.2324161 1.2130462 1.4261177 1.4277007 1.4195072 1.2964470 1.4124992 1.3684471 1.2497987 1.4873898 1.5318844 1.3590908 0.8574113 1.5764684 1.6046243 2.0670814 2.2118137 1.8476334 1.9202091 2.1913309 1.2222005 1.2921196 1.2299729 0.8839597 0.9420508 
YP_004934009.1_Astrovirus_MLB2                                                                                           1.2971723 1.2530785 1.1495431 1.2220799 1.0273779 1.1339720 1.1037088 0.9578945 1.2220685 1.2214175 1.1724175 1.2053085 1.2304187 1.2353596 1.1874233 1.2318485 1.2556475 1.2233386 1.2302321 1.1982097 1.2233203 1.2106226 1.2545636 0.1164034 1.2430439 0.0000000 0.2706781 1.5085329 1.4382938 1.5745678 1.5257014 1.5418607 1.5754320 1.5685249 1.4825751 1.5173762 1.5946231 1.7266340 1.6720194 1.7254852 0.8485932 1.7201908 1.7966565 2.4057109 2.4625505 2.3353162 2.2560358 2.3881747 1.3912772 1.3546045 1.3139456 0.9049803 1.1551301 
YP_002290967.1_Astrovirus_MLB1                                                                                           1.3331715 1.2220542 1.1760959 1.2500517 1.1093766 1.1300982 1.1252668 0.9846025 1.2201266 1.1382229 1.1398914 1.1582624 1.2307506 1.2232416 1.2228382 1.2640873 1.2863960 1.2489299 1.2451363 1.2436882 1.2387226 1.2497126 1.2777987 0.2315185 1.2285179 0.2706781 0.0000000 1.4639025 1.3675966 1.5305423 1.4382917 1.5070214 1.5422726 1.4857397 1.4571625 1.4655050 1.5835709 1.6894438 1.6799006 1.6525382 0.8431053 1.5933975 1.8102601 2.4113145 2.3881818 2.2962306 2.2345575 2.3739587 1.4824548 1.5657134 1.4472670 0.9677529 1.1966096 
YP_009664779.1_Bat_astrovirus_Tm_Guangxi_LD71_2007                                                                       1.2905163 1.3481304 1.3875980 1.4022695 1.6267600 1.2725739 1.2158956 1.2850540 1.2160033 1.3706308 1.2933044 1.3140154 1.2616742 1.2267925 1.3151565 1.3882057 1.3939809 1.4017078 1.3871629 1.3659494 1.4192917 1.3820065 1.4158483 1.4919136 1.3543650 1.5085329 1.4639025 0.0000000 0.7838596 0.9260516 0.8589157 0.9156283 0.9382569 0.8411725 0.8371163 0.9117942 0.8493123 1.2714336 1.2565104 1.1553891 0.9753908 0.9248549 1.5998065 2.4255668 2.4720801 2.2500895 2.2854052 2.2369480 1.0531982 1.0988651 0.8411733 1.5297922 1.1621777 
YP_009052461.1_Feline_astrovirus_D1                                                                                      1.2892451 1.2997776 1.2884562 1.3583262 1.4289260 1.2424214 1.0695003 1.2103267 1.1434526 1.3186120 1.0901872 1.0525459 1.1508929 1.1434526 1.1556200 1.2846159 1.2832289 1.2583277 1.2404778 1.3045312 1.2563438 1.2524158 1.2835834 1.3626953 1.2324161 1.4382938 1.3675966 0.7838596 0.0000000 0.5836033 0.6543940 0.7342216 0.6628931 0.5725479 0.6097821 0.7063522 0.5940715 1.1125359 1.0032798 1.2756422 1.0265355 0.7689500 1.4726673 2.2231594 2.3327139 2.2650945 2.2613626 2.0183431 1.1713120 1.1438826 0.5707856 1.1736178 1.2012631 
NP_795335.1_Mamastrovirus_10                                                                                             1.2706027 1.2896287 1.2236395 1.2408149 1.5160049 1.2553794 1.0948238 1.2278356 1.2716877 1.3569090 1.3170658 1.3317811 1.2944681 1.2797869 1.1727755 1.2274463 1.2292864 1.2472175 1.1866947 1.5208565 1.2617890 1.2266396 1.2427309 1.5523525 1.2130462 1.5745678 1.5305423 0.9260516 0.5836033 0.0000000 0.6818924 0.7775855 0.6267919 0.6492546 0.6308951 0.6783778 0.6894523 1.2976722 1.2331656 1.2362648 1.1398886 0.8243745 1.6060168 2.3962092 2.3576351 2.1148486 2.3235029 2.3336537 1.1010054 1.0399544 0.3107107 1.2469468 1.1763803 
YP_006905856.1_Astrovirus_VA4                                                                                            1.3076778 1.3109355 1.3190696 1.3896922 1.4185919 1.2188367 1.0738824 1.2810309 1.2891843 1.2296261 1.2795596 1.2297831 1.3149832 1.2922992 1.4000591 1.4230905 1.4247758 1.4038144 1.4025423 1.4258874 1.4057013 1.4421340 1.4353754 1.4623217 1.4261177 1.5257014 1.4382917 0.8589157 0.6543940 0.6818924 0.0000000 0.6982869 0.2977518 0.4066652 0.4167620 0.7470720 0.4136866 1.3673039 1.2363295 1.1376907 0.9706246 0.6421689 1.7022477 2.2432827 2.4818637 2.1559222 2.2628393 2.2202144 1.1786670 1.2067479 0.5898596 1.1206258 1.1761283 
YP_007003830.1_Porcine_astrovirus_3                                                                                      1.2885175 1.3647527 1.4142192 1.4536976 1.3164592 1.3585657 1.2018429 1.2032484 1.3538991 1.4368242 1.4925118 1.4139995 1.3763651 1.3650795 1.3357187 1.4067492 1.4198677 1.3832245 1.3268667 1.4976766 1.3934170 1.3736498 1.4199270 1.5379704 1.4277007 1.5418607 1.5070214 0.9156283 0.7342216 0.7775855 0.6982869 0.0000000 0.6891989 0.7278066 0.6866720 0.8286402 0.7572747 1.3186557 1.1599493 1.1977970 1.2896993 0.8186694 1.7910058 2.3372203 2.4212404 2.1317082 2.2868356 2.4603596 1.1035017 1.1894954 0.7781722 1.4896501 1.1370728 
YP_003275951.1_HMO_Astrovirus_A                                                                                          1.3411380 1.3220950 1.3366434 1.4105180 1.3477105 1.2618888 1.0323688 1.2135986 1.3263959 1.3406479 1.3330445 1.2915967 1.3623597 1.3246734 1.3806956 1.4792824 1.5018636 1.4424867 1.3765612 1.5377143 1.4568919 1.4429482 1.4543144 1.5485993 1.4195072 1.5754320 1.5422726 0.9382569 0.6628931 0.6267919 0.2977518 0.6891989 0.0000000 0.3856515 0.3888629 0.6869451 0.4169338 1.4703376 1.2798302 1.1000454 1.0222604 0.6403759 1.6425830 2.3559546 2.5320591 2.1642242 2.1822979 2.2358707 1.1452282 1.0894608 0.5526739 1.0395989 1.1888590 
YP_006905859.1_Astrovirus_VA3                                                                                            1.4124720 1.3140486 1.4175318 1.4576182 1.4701487 1.2593019 1.0025261 1.1732973 1.2062004 1.3799195 1.2777364 1.2163031 1.2368064 1.2093041 1.2871204 1.3628302 1.3688917 1.3598755 1.3474771 1.3661977 1.3704947 1.3263398 1.3890804 1.5706968 1.2964470 1.5685249 1.4857397 0.8411725 0.5725479 0.6492546 0.4066652 0.7278066 0.3856515 0.0000000 0.4158596 0.7077099 0.2519980 1.2734210 1.1959192 1.1603669 0.9836285 0.6533670 1.6319081 2.2966878 2.2464150 2.0088993 2.0826129 2.1512311 0.9308699 1.0852261 0.5818730 1.3194752 1.2979960 
YP_009047078.1_Human_astrovirus_BF34                                                                                     1.3366110 1.3479551 1.4263604 1.4731798 1.3608312 1.2831665 1.0964802 1.1231519 1.3660039 1.3141475 1.4309973 1.3369621 1.4371712 1.3826246 1.2666742 1.4621485 1.4638854 1.4382292 1.4185753 1.4239753 1.4561269 1.3779362 1.4533080 1.4596161 1.4124992 1.4825751 1.4571625 0.8371163 0.6097821 0.6308951 0.4167620 0.6866720 0.3888629 0.4158596 0.0000000 0.6575722 0.4976849 1.3302268 1.3374189 1.1477739 1.0668606 0.6469739 1.6492628 2.3020488 2.4415047 2.1410149 2.3119433 2.2380540 1.0410784 1.0814992 0.5552180 1.1667416 1.1991955 
NP_059945.2_Mamastrovirus_13                                                                                             1.2679347 1.2935675 1.3506046 1.4520063 1.4817483 1.2473363 1.1681745 1.1074382 1.2796067 1.3685680 1.3763502 1.3011355 1.3267920 1.2763411 1.2505886 1.3208083 1.3314045 1.2678059 1.2471357 1.3675497 1.2836186 1.3397608 1.2977609 1.4809495 1.3684471 1.5173762 1.4655050 0.9117942 0.7063522 0.6783778 0.7470720 0.8286402 0.6869451 0.7077099 0.6575722 0.0000000 0.7079156 1.3926763 1.2684920 1.2305009 1.1482260 0.5010553 1.5309392 2.3580637 2.2562897 2.0343541 2.2519570 2.4179602 1.0721635 1.1012944 0.7160975 1.5971505 1.1617915 
YP_003090286.1_Astrovirus_VA1                                                                                            1.4248103 1.3720758 1.4068407 1.4809161 1.4548342 1.2621877 1.1053804 1.1824247 1.2872087 1.2992834 1.2671658 1.2318880 1.3149203 1.2838211 1.2466742 1.3449124 1.3508167 1.3810381 1.3510510 1.3657284 1.3892528 1.3076111 1.4112497 1.5130791 1.2497987 1.5946231 1.5835709 0.8493123 0.5940715 0.6894523 0.4136866 0.7572747 0.4169338 0.2519980 0.4976849 0.7079156 0.0000000 1.4050978 1.2120852 1.1185039 1.0866270 0.7110947 1.5890168 2.2528607 2.5317811 2.0536198 2.2090142 2.2557199 0.9440125 1.0955967 0.7116455 1.2055197 1.2942836 
YP_009664790.1_Bat_astrovirus_Tm_Guangxi_LD38_2007                                                                       1.6637857 1.6600810 1.5662504 1.6113796 1.5395869 1.4531033 1.3167837 1.4758476 1.5124954 1.5408241 1.4229658 1.4490375 1.5561922 1.5246684 1.3672289 1.4726064 1.4900230 1.4498326 1.4360088 1.7006099 1.4427098 1.4065406 1.4781521 1.6456673 1.4873898 1.7266340 1.6894438 1.2714336 1.1125359 1.2976722 1.3673039 1.3186557 1.4703376 1.2734210 1.3302268 1.3926763 1.4050978 0.0000000 0.5241363 1.0873799 1.5075822 1.4589786 2.0789775 2.6060579 2.5470623 2.3913378 2.2474824 2.3851148 0.9130387 0.9259141 1.2657436 2.0587065 1.5080780 
YP_009664787.1_Mamastrovirus_18                                                                                          1.4609649 1.4440837 1.5897534 1.6150540 1.4919091 1.5423129 1.3370539 1.5391805 1.3796932 1.6317693 1.3451508 1.3651080 1.4156134 1.3647851 1.4319446 1.5078655 1.5300312 1.4587487 1.4355734 1.5810388 1.4708817 1.4433676 1.4917995 1.6234574 1.5318844 1.6720194 1.6799006 1.2565104 1.0032798 1.2331656 1.2363295 1.1599493 1.2798302 1.1959192 1.3374189 1.2684920 1.2120852 0.5241363 0.0000000 1.2177702 1.4118885 1.3025641 1.8223554 2.1833034 2.3741414 2.1734678 2.0588985 2.2782211 1.1137677 1.0922079 1.2000007 2.0357723 1.3078226 
YP_009664783.1_Bat_astrovirus_Tm_Guangxi_LD77_2007                                                                       1.4705833 1.3939740 1.2870943 1.3355185 1.4355836 1.4143371 1.4273041 1.3199043 1.3819908 1.5052214 1.3611394 1.4096379 1.3767019 1.3819908 1.3304239 1.3030916 1.3222423 1.3790873 1.3252220 1.5291767 1.3874717 1.2992117 1.4103620 1.6709874 1.3590908 1.7254852 1.6525382 1.1553891 1.2756422 1.2362648 1.1376907 1.1977970 1.1000454 1.1603669 1.1477739 1.2305009 1.1185039 1.0873799 1.2177702 0.0000000 1.2815118 1.2552280 1.5273606 2.1356951 2.3772417 1.8936901 1.9105697 2.1351281 0.4857045 0.6714681 1.1754574 2.4774512 1.4631931 
YP_009380533.1_California_sea_lion_astrovirus_2                                                                          0.8736228 0.8840579 0.8845632 0.9155399 0.7985418 0.3321765 0.5346358 0.8284048 0.3934998 0.7146942 0.4137103 0.3888712 0.3855330 0.3934998 0.8108659 0.8455633 0.8465855 0.8635948 0.8666499 1.1004190 0.8681953 0.8461007 0.8788638 0.8213297 0.8574113 0.8485932 0.8431053 0.9753908 1.0265355 1.1398886 0.9706246 1.2896993 1.0222604 0.9836285 1.0668606 1.1482260 1.0866270 1.5075822 1.4118885 1.2815118 0.0000000 1.1543273 1.4672162 1.9472773 1.8843708 1.7178891 1.6307597 1.7529203 1.5363524 1.4523714 1.2036504 0.2103380 0.8736073 
YP_009047246.1_Bovine_astrovirus_CH13                                                                                    1.4997779 1.5771710 1.5945013 1.6696359 1.5636089 1.3909918 1.2685643 1.2855022 1.4544235 1.5039466 1.5211935 1.4221592 1.5008975 1.4661537 1.4313201 1.5567550 1.5752986 1.5175525 1.4818581 1.6193819 1.5426851 1.5247530 1.5456897 1.6476757 1.5764684 1.7201908 1.5933975 0.9248549 0.7689500 0.8243745 0.6421689 0.8186694 0.6403759 0.6533670 0.6469739 0.5010553 0.7110947 1.4589786 1.3025641 1.2552280 1.1543273 0.0000000 1.6420569 2.2873388 2.5255139 2.1160178 2.2364787 2.3721138 1.0960538 1.2601611 0.7200500 1.5399044 1.4224764 
YP_009010968.1_Porcine_astrovirus_5                                                                                      1.6686459 1.6388066 1.7304038 1.7839691 1.5480958 1.7226102 1.5514535 1.4809347 1.5662880 1.5026994 1.6077652 1.5536486 1.6143686 1.5617961 1.5847680 1.5242968 1.5451127 1.5830158 1.5975357 1.5775596 1.5726418 1.5920023 1.6057721 1.7504238 1.6046243 1.7966565 1.8102601 1.5998065 1.4726673 1.6060168 1.7022477 1.7910058 1.6425830 1.6319081 1.6492628 1.5309392 1.5890168 2.0789775 1.8223554 1.5273606 1.4672162 1.6420569 0.0000000 2.4689314 2.4630831 2.4285707 2.2573980 2.7023192 1.7830717 1.7048474 1.5653699 1.8087575 1.5639896 
YP_009362294.1_Goose_astrovirus                                                                                          2.1490939 1.9721169 2.0241086 2.0567782 2.2987996 2.3369427 1.8986388 2.1888740 2.2397917 2.2524665 2.3226686 2.2723891 2.2601549 2.2542285 2.0412742 2.1443463 2.1315144 2.0697301 2.1242246 2.0845440 2.1216366 2.1677564 2.1511892 2.3649192 2.0670814 2.4057109 2.4113145 2.4255668 2.2231594 2.3962092 2.2432827 2.3372203 2.3559546 2.2966878 2.3020488 2.3580637 2.2528607 2.6060579 2.1833034 2.1356951 1.9472773 2.2873388 2.4689314 0.0000000 1.1016929 0.6341436 0.6672469 0.9868752 2.5457199 2.2752465 2.2498653 3.3619309 1.9168707 
NP_620617.2_Chicken_astrovirus                                                                                           2.0701929 2.0746441 2.2438303 2.2884481 2.2628320 1.9845143 1.9456112 2.3145811 2.0183812 2.1708882 2.0853648 2.0888780 2.1029568 2.0143341 2.1730220 2.1378611 2.1369338 2.0486443 2.0865088 2.3612644 2.0486207 2.1688737 2.0887111 2.4861909 2.2118137 2.4625505 2.3881818 2.4720801 2.3327139 2.3576351 2.4818637 2.4212404 2.5320591 2.2464150 2.4415047 2.2562897 2.5317811 2.5470623 2.3741414 2.3772417 1.8843708 2.5255139 2.4630831 1.1016929 0.0000000 1.1327885 1.1049197 1.3945104 2.7797427 2.4369595 2.4665672 3.1747540 1.8580887 
YP_002728002.1_Duck_astrovirus_C-NGB                                                                                     2.2198067 2.0144112 2.0682659 2.1723146 2.1447101 2.0746673 1.7786323 2.0629061 1.9564781 2.1877902 2.1248304 2.1100194 1.9657069 1.9691222 1.8492116 1.9086319 1.9247749 1.8264372 1.8125653 2.3209792 1.8320540 1.9412288 1.8581550 2.3245045 1.8476334 2.3353162 2.2962306 2.2500895 2.2650945 2.1148486 2.1559222 2.1317082 2.1642242 2.0088993 2.1410149 2.0343541 2.0536198 2.3913378 2.1734678 1.8936901 1.7178891 2.1160178 2.4285707 0.6341436 1.1327885 0.0000000 0.4352856 0.9350927 2.2595512 1.9922792 2.1551348 2.4500628 1.9734313 
NP_987087.2_Turkey_astrovirus_2                                                                                          2.1827312 2.1223188 2.0638675 2.1468860 2.1942207 2.1733736 1.8176448 2.1391997 2.1005024 2.1375352 2.1956953 2.1576133 2.1300281 2.0936935 1.8599408 1.9861561 1.9872440 1.8873949 1.9351601 2.2335226 1.8919627 2.0088691 1.9179080 2.2553666 1.9202091 2.2560358 2.2345575 2.2854052 2.2613626 2.3235029 2.2628393 2.2868356 2.1822979 2.0826129 2.3119433 2.2519570 2.2090142 2.2474824 2.0588985 1.9105697 1.6307597 2.2364787 2.2573980 0.6672469 1.1049197 0.4352856 0.0000000 0.9677671 2.1981237 2.1105870 2.2515398 2.8481070 1.8630158 
NP_853540.1_Turkey_astrovirus                                                                                            2.3054892 2.2531228 2.1160224 2.3014240 2.3401124 2.3150026 1.9189489 2.4817631 2.3319152 2.3611470 2.2900092 2.3583424 2.3750623 2.3591033 2.2342482 2.3414207 2.3742529 2.3021473 2.2442737 2.4349980 2.2552091 2.3987779 2.3154419 2.3965041 2.1913309 2.3881747 2.3739587 2.2369480 2.0183431 2.3336537 2.2202144 2.4603596 2.2358707 2.1512311 2.2380540 2.4179602 2.2557199 2.3851148 2.2782211 2.1351281 1.7529203 2.3721138 2.7023192 0.9868752 1.3945104 0.9350927 0.9677671 0.0000000 2.3794240 2.2681976 2.4719510 2.7249447 1.9315339 
YP_009664785.1_Mamastrovirus_16                                                                                          1.3949179 1.3975409 1.2884450 1.4988167 1.3851678 1.1661386 1.5163680 1.1474148 1.3575633 1.3611663 1.2797362 1.3476257 1.3361753 1.3575633 1.1439936 1.1667638 1.1937309 1.2059647 1.2069845 1.5245877 1.1940319 1.2214867 1.2377486 1.3491552 1.2222005 1.3912772 1.4824548 1.0531982 1.1713120 1.1010054 1.1786670 1.1035017 1.1452282 0.9308699 1.0410784 1.0721635 0.9440125 0.9130387 1.1137677 0.4857045 1.5363524 1.0960538 1.7830717 2.5457199 2.7797427 2.2595512 2.1981237 2.3794240 0.0000000 0.6587748 1.1265639 1.8453143 1.3949179 
YP_009664781.1_Mamastrovirus_14                                                                                          1.4559485 1.3350998 1.2540389 1.3718600 1.5177827 1.1658971 1.2007941 1.3628352 1.3148419 1.6106902 1.2938512 1.3323181 1.3414492 1.3148419 1.1342663 1.1708492 1.2245645 1.1167982 1.1551534 1.5809503 1.1335510 1.1683426 1.1359431 1.4858624 1.2921196 1.3546045 1.5657134 1.0988651 1.1438826 1.0399544 1.2067479 1.1894954 1.0894608 1.0852261 1.0814992 1.1012944 1.0955967 0.9259141 1.0922079 0.6714681 1.4523714 1.2601611 1.7048474 2.2752465 2.4369595 1.9922792 2.1105870 2.2681976 0.6587748 0.0000000 1.1323742 1.5441266 1.4559485 
YP_009664777.1_Mamastrovirus_11                                                                                          1.2550575 1.2787036 1.2496836 1.3613310 1.4926966 1.2034627 1.0683390 0.9496848 1.1121612 1.2852786 1.2181269 1.2273936 1.1385854 1.1121612 1.1500284 1.0925299 1.1143825 1.1018715 1.1436457 1.4328672 1.1287315 1.2174405 1.0876571 1.3124214 1.2299729 1.3139456 1.4472670 0.8411733 0.5707856 0.3107107 0.5898596 0.7781722 0.5526739 0.5818730 0.5552180 0.7160975 0.7116455 1.2657436 1.2000007 1.1754574 1.2036504 0.7200500 1.5653699 2.2498653 2.4665672 2.1551348 2.2515398 2.4719510 1.1265639 1.1323742 0.0000000 1.3702598 1.2550575 
YP_009666025.1_Astrovirus_dogfaeces_Italy_2005                                                                           1.0366161 1.2350612 1.1136213 1.2805469 0.8781465 0.0000010 0.4163040 0.9435037 0.3253993 0.6036254 0.3065647 0.3091890 0.3253993 0.3253993 0.8841164 1.0109949 1.0178564 0.9577031 0.9553240 1.1348997 1.0174113 0.9954731 0.9555048 0.8752616 0.8839597 0.9049803 0.9677529 1.5297922 1.1736178 1.2469468 1.1206258 1.4896501 1.0395989 1.3194752 1.1667416 1.5971505 1.2055197 2.0587065 2.0357723 2.4774512 0.2103380 1.5399044 1.8087575 3.3619309 3.1747540 2.4500628 2.8481070 2.7249447 1.8453143 1.5441266 1.3702598 0.0000000 1.0366161 
Murine_astrovirus_JS1___2545___3870___-1___ID_1_2_partial_00_start_type_GTG_rbs_motif_None_rbs_spacer_None_gc_cont_0.522 0.0096537 0.4721180 0.4899794 0.5477782 0.8358493 0.8760076 0.8870051 0.9279746 0.9070468 0.9327007 0.8769729 0.8835434 0.9082927 0.9070468 0.8937600 0.8794074 0.8758806 0.9140240 0.9004640 1.1306062 0.9266589 0.9019842 0.9507088 1.1365959 0.9420508 1.1551301 1.1966096 1.1621777 1.2012631 1.1763803 1.1761283 1.1370728 1.1888590 1.2979960 1.1991955 1.1617915 1.2942836 1.5080780 1.3078226 1.4631931 0.8736073 1.4224764 1.5639896 1.9168707 1.8580887 1.9734313 1.8630158 1.9315339 1.3949179 1.4559485 1.2550575 1.0366161 0.0000000 
