53
YP_006843891.1 0.0000000 0.5143762 0.6097763 0.6618205 0.8515156 0.9987597 0.8885268 1.0650817 1.0100528 1.0851634 1.0298611 1.0081841 1.0023617 1.0100528 0.9552726 0.9509164 0.9473168 0.9944897 0.9682724 1.2921577 1.0057284 0.9649931 1.0286528 1.2913480 1.0071138 1.2994233 1.3353717 1.2925262 1.2911935 1.2725321 1.3097705 1.2905841 1.3432466 1.4147490 1.3386715 1.2698464 1.4271529 1.6670320 1.4635394 1.4731762 0.8746245 1.5023803 1.6717595 2.1538747 2.0748055 2.2250778 2.1877856 2.3110929 1.3973799 1.4584316 1.2568814 1.0378941 0.0096539 
YP_009448179.1 0.5143762 0.0000000 0.5618020 0.6098671 0.8388615 1.0363184 0.8888399 1.0804785 0.9947468 1.0377886 1.0283772 1.0518539 1.0305268 0.9923233 0.9262295 0.9349652 0.9460753 0.9604107 0.9650277 1.3032308 0.9645543 0.9297128 0.9672385 1.2331282 0.9253364 1.2551163 1.2239187 1.3504399 1.3018238 1.2916666 1.3130448 1.3670969 1.3242192 1.3161990 1.3501481 1.2956027 1.3743978 1.6632941 1.4465541 1.3963550 0.8850868 1.5800439 1.6418341 1.9761842 2.0791913 2.0187610 2.1270752 2.2584879 1.4001690 1.3373829 1.2807286 1.2369673 0.4724569 
YP_009010981.1 0.6097763 0.5618020 0.0000000 0.0602617 0.9219986 0.9934718 0.9571919 1.1236241 1.0819673 1.1328305 1.0705027 1.0652257 1.0922263 1.0957126 0.8695957 0.8984527 0.9171360 0.9273018 0.9424747 1.2811229 0.9256001 0.9071781 0.9516059 1.1498929 0.8912230 1.1513952 1.1778771 1.3899674 1.2904631 1.2254861 1.3211745 1.4166323 1.3387577 1.4199461 1.4287227 1.3526980 1.4092000 1.5691528 1.5926792 1.2891094 0.8856161 1.5974125 1.7338129 2.0284144 2.2490828 2.0728776 2.0684232 2.1208336 1.2905647 1.2559610 1.2514810 1.1151944 0.4904011 
YP_005271208.1 0.6618205 0.6098671 0.0602617 0.0000000 0.9754422 1.0344175 1.0128384 1.1643626 1.1390975 1.1650396 1.1240382 1.1030947 1.1520005 1.1566903 0.9285287 0.9417286 0.9578716 1.0081856 1.0142838 1.2968284 1.0062095 0.9709755 1.0287109 1.2390509 0.9607408 1.2241481 1.2520306 1.4047244 1.3605019 1.2427137 1.3919963 1.4562357 1.4128360 1.4601786 1.4756976 1.4543835 1.4834768 1.6144125 1.6180889 1.3376708 0.9166839 1.6727990 1.7875728 2.0612475 2.2939418 2.1773830 2.1518198 2.3070368 1.5015630 1.3740881 1.3634488 1.2825589 0.5482801 
YP_009154706.1 0.8515156 0.8388615 0.9219986 0.9754422 0.0000000 0.9221670 1.0432269 0.8482187 0.9248987 0.9126711 0.9542733 0.9636025 0.9420352 0.9248987 0.8735729 0.9491970 0.9685981 0.9749446 0.9508031 1.3096649 0.9810111 0.9058056 0.9967960 1.0268185 0.9118556 1.0288097 1.1109263 1.6297474 1.4312625 1.5185759 1.4208779 1.3186121 1.3497513 1.4725979 1.3629285 1.4842127 1.4572292 1.5423590 1.4944987 1.4380151 0.7994303 1.5662981 1.5506890 2.3042651 2.2682568 2.1497854 2.1994123 2.3459982 1.3875589 1.5202909 1.4951171 0.8790352 0.8368535 
YP_009130648.1 0.9987597 1.0363184 0.9934718 1.0344175 0.9221670 0.0000000 0.6416752 0.9639543 0.5378399 0.9355804 0.5552218 0.5560595 0.5457149 0.5422263 0.8667941 0.8738128 0.8868973 0.9085082 0.9247878 1.2416621 0.9176121 0.9204333 0.9425218 1.0942155 0.9009254 1.1358348 1.1319329 1.2745444 1.2443214 1.2572795 1.2207637 1.3609033 1.2639132 1.2613295 1.2852725 1.2492239 1.2641801 1.4557146 1.5451284 1.4168443 0.3323896 1.3933360 1.7259359 2.3425083 1.9888291 2.0794258 2.1784192 2.3206895 1.1679999 1.1675563 1.2052510 0.0000010 0.8770038 
YP_009664775.1 0.8885268 0.8888399 0.9571919 1.0128384 1.0432269 0.6416752 0.0000000 0.9674704 0.6512811 1.0085017 0.6475150 0.6490037 0.6527073 0.6512811 0.9427787 0.9442119 0.9503534 0.9643661 0.9550225 1.0929634 0.9646799 0.9540255 0.9850055 1.1248185 0.9551607 1.1054961 1.1270692 1.2177494 1.0708368 1.0963199 1.0753256 1.2036333 1.0337127 1.0038534 1.0980008 1.1698893 1.1069678 1.3190024 1.3392837 1.4298409 0.5351324 1.2705848 1.5541304 1.9025383 1.9497423 1.7822202 1.8213140 1.9230195 1.5194097 1.2027096 1.0697727 0.4165327 0.8881087 
YP_009094053.1 1.0650817 1.0804785 1.1236241 1.1643626 0.8482187 0.9639543 0.9674704 0.0000000 0.9941189 0.7159943 1.1099906 1.0815180 1.0086306 0.9941189 0.9667959 1.0251228 1.0274239 1.0215780 1.0063462 1.2218220 1.0260696 0.9652760 1.0292230 0.9735529 1.0013966 0.9593509 0.9860267 1.2871972 1.2121030 1.2296614 1.2830949 1.2051534 1.2154871 1.1750693 1.1248554 1.1089625 1.1842566 1.4784661 1.5420691 1.3220600 0.8294308 1.2875075 1.4833257 2.1937541 2.3199870 2.0674511 2.1439269 2.4880760 1.1492940 1.3651381 0.9509489 0.9449694 0.9292294 
NP_751905.1    1.0100528 0.9947468 1.0819673 1.1390975 0.9248987 0.5378399 0.6512811 0.9941189 0.0000000 0.9546057 0.3518430 0.3116527 0.0302074 0.0020912 0.8462947 0.9104823 0.9118339 0.8820551 0.8665842 1.1734243 0.9127994 0.9315906 0.9127367 1.2186520 0.9433414 1.2240577 1.2220962 1.2177987 1.1450547 1.2736206 1.2912014 1.3561876 1.3285384 1.2080616 1.3681936 1.2815141 1.2892428 1.5152364 1.3820282 1.3842984 0.3937350 1.4569274 1.5690902 2.2449807 2.0227650 1.9606721 2.1051881 2.3375388 1.3599800 1.3170153 1.1136855 0.3255742 0.9081582 
YP_009345903.1 1.0851634 1.0377886 1.1328305 1.1650396 0.9126711 0.9355804 1.0085017 0.7159943 0.9546057 0.0000000 1.0880154 1.0174109 0.9591412 0.9546057 1.0511585 1.0827422 1.0922553 1.1142128 1.1059620 1.1212560 1.1327954 1.0959040 1.1455233 1.1445401 1.0343652 1.2234283 1.1399699 1.3729308 1.3206683 1.3590669 1.2315090 1.4393008 1.3428134 1.3821583 1.3162736 1.3706584 1.3012468 1.5435882 1.6348274 1.5078336 0.7154725 1.5064596 1.5051697 2.2575585 2.1758679 2.1927693 2.1423299 2.3668905 1.3634640 1.6135886 1.2871742 0.6042164 0.9338920 
YP_009094278.1 1.0298611 1.0283772 1.0705027 1.1240382 0.9542733 0.5552218 0.6475150 1.1099906 0.3518430 1.0880154 0.0000000 0.1153646 0.3549417 0.3518313 0.9632232 1.0030187 1.0095081 0.9931519 0.9950880 1.2101445 0.9763582 1.0247867 1.0039235 1.1527878 1.0137210 1.1742322 1.1416575 1.2952639 1.0916633 1.3191583 1.2815898 1.4952240 1.3352512 1.2797761 1.4334181 1.3785480 1.2692091 1.4253837 1.3473979 1.3634143 0.4140042 1.5239427 1.6106971 2.3281889 2.0900164 2.1296775 2.2007879 2.2954751 1.2819442 1.2958778 1.2198786 0.3067218 0.8779896 
YP_008519301.1 1.0081841 1.0518539 1.0652257 1.1030947 0.9636025 0.5560595 0.6490037 1.0815180 0.3116527 1.0174109 0.1153646 0.0000000 0.3173366 0.3116544 0.9167032 0.9790175 0.9773060 0.9812459 0.9645626 1.1459226 0.9786291 0.9823215 1.0012593 1.1833762 0.9754940 1.2072559 1.1600794 1.3160356 1.0539217 1.3339205 1.2316569 1.4164956 1.2936737 1.2181722 1.3391501 1.3031783 1.2337880 1.4515632 1.3674026 1.4120648 0.3891145 1.4246272 1.5563370 2.2777119 2.0935434 2.1148128 2.1625796 2.3640679 1.3499608 1.3344519 1.2291614 0.3093251 0.8846043 
YP_009275017.1 1.0023617 1.0305268 1.0922263 1.1520005 0.9420352 0.5457149 0.6527073 1.0086306 0.0302074 0.9591412 0.3549417 0.3173366 0.0000000 0.0302337 0.8638403 0.9219317 0.9233187 0.9083237 0.8907461 1.1559127 0.9297873 0.9531922 0.9397825 1.2280954 0.9536389 1.2324166 1.2327492 1.2635867 1.1525296 1.2964791 1.3171000 1.3787050 1.3646386 1.2387722 1.4395887 1.3288493 1.3170691 1.5591021 1.4180596 1.3790135 0.3857703 1.5035678 1.6173330 2.2654035 2.1076788 1.9699168 2.1348112 2.3808655 1.3385442 1.3436716 1.1401540 0.3255742 0.9094155 
NP_059443.2    1.0100528 0.9923233 1.0957126 1.1566903 0.9248987 0.5422263 0.6512811 0.9941189 0.0020912 0.9546057 0.3518313 0.3116544 0.0302337 0.0000000 0.8522172 0.9103728 0.9117221 0.8778809 0.8624967 1.1752754 0.9085036 0.9403284 0.9083956 1.2318823 0.9520176 1.2373840 1.2252200 1.2286104 1.1450547 1.2817398 1.2943260 1.3674015 1.3268159 1.2111744 1.3848604 1.2782463 1.2858525 1.5274495 1.3670845 1.3842984 0.3937350 1.4686919 1.5645918 2.2594783 2.0187080 1.9733647 2.0983602 2.3648440 1.3599800 1.3170153 1.1136855 0.3255742 0.9081582 
YP_009380531.1 0.9552726 0.9262295 0.8695957 0.9285287 0.8735729 0.8667941 0.9427787 0.9667959 0.8462947 1.0511585 0.9632232 0.9167032 0.8638403 0.8522172 0.0000000 0.2773042 0.2861857 0.2340899 0.2322073 1.0286139 0.2409986 0.0924497 0.2459880 1.1202507 0.1711559 1.1892128 1.2246680 1.3172953 1.1572991 1.1744418 1.4023552 1.3378519 1.3829626 1.2891295 1.2686610 1.2524294 1.2485534 1.3696114 1.4344647 1.3325979 0.8117746 1.4336717 1.5875714 2.0455777 2.1779222 1.8528752 1.8636415 2.2394489 1.1458732 1.1359581 1.1515551 0.8850996 0.8948401 
YP_009010943.1 0.9509164 0.9349652 0.8984527 0.9417286 0.9491970 0.8738128 0.9442119 1.0251228 0.9104823 1.0827422 1.0030187 0.9790175 0.9219317 0.9103728 0.2773042 0.0000000 0.0129637 0.1501622 0.1483561 1.1126409 0.1497796 0.2733849 0.1586446 1.1644811 0.2567526 1.2337284 1.2660404 1.3905848 1.2866487 1.2292718 1.4255758 1.4090953 1.4818753 1.3650731 1.4647134 1.3228857 1.3470916 1.4753658 1.5107038 1.3052217 0.8466420 1.5595385 1.5269785 2.1491629 2.1427250 1.9126293 1.9904361 2.3471382 1.1688170 1.1726646 1.0939273 1.0122437 0.8805192 
YP_009010952.1 0.9473168 0.9460753 0.9171360 0.9578716 0.9685981 0.8868973 0.9503534 1.0274239 0.9118339 1.0922553 1.0095081 0.9773060 0.9233187 0.9117221 0.2861857 0.0129637 0.0000000 0.1626712 0.1608828 1.1077615 0.1622575 0.2821630 0.1713609 1.1877465 0.2608450 1.2575872 1.2884080 1.3963740 1.2852723 1.2311268 1.4272715 1.4222651 1.5045434 1.3711508 1.4664607 1.3335171 1.3530050 1.4928077 1.5329260 1.3244118 0.8476611 1.5781354 1.5478448 2.1362734 2.1417820 1.9288038 1.9914958 2.3801202 1.1958388 1.2265540 1.1158599 1.0191486 0.8769666 
YP_009010946.1 0.9944897 0.9604107 0.9273018 1.0081856 0.9749446 0.9085082 0.9643661 1.0215780 0.8820551 1.1142128 0.9931519 0.9812459 0.9083237 0.8778809 0.2340899 0.1501622 0.1626712 0.0000000 0.0481714 1.1092438 0.0234723 0.2343596 0.0235601 1.2122270 0.2224496 1.2251987 1.2508634 1.4041004 1.2602619 1.2490857 1.4062235 1.3855142 1.4449857 1.3621066 1.4406865 1.2697493 1.3832871 1.4525194 1.4614413 1.3814122 0.8646160 1.5202175 1.5858576 2.0742081 2.0531514 1.8301083 1.8912741 2.3076638 1.2081063 1.1185157 1.1032872 0.9587765 0.9152242 
YP_009480536.1 0.9682724 0.9650277 0.9424747 1.0142838 0.9508031 0.9247878 0.9550225 1.0063462 0.8665842 1.1059620 0.9950880 0.9645626 0.8907461 0.8624967 0.2322073 0.1483561 0.1608828 0.0481714 0.0000000 1.1099044 0.0622943 0.2238120 0.0625353 1.2148348 0.2223529 1.2320937 1.2470245 1.3895084 1.2423740 1.1884239 1.4049474 1.3290271 1.3788997 1.3496812 1.4209918 1.2490228 1.3532368 1.4386737 1.4381861 1.3274201 0.8676723 1.4844397 1.6004134 2.1289261 2.0911610 1.8161867 1.9392289 2.2495865 1.2091235 1.1569021 1.1451300 0.9564208 0.9016174 
YP_009345898.1 1.2921577 1.3032308 1.2811229 1.2968284 1.3096649 1.2416621 1.0929634 1.2218220 1.1734243 1.1212560 1.2101445 1.1459226 1.1559127 1.1752754 1.0286139 1.1126409 1.1077615 1.1092438 1.1099044 0.0000000 1.1061808 1.0290662 1.1345168 1.1405160 1.0973883 1.2001724 1.2456789 1.3681148 1.3064894 1.5235168 1.4282905 1.5003345 1.5404257 1.3683959 1.4264290 1.3697306 1.3678890 1.7039682 1.5839938 1.5319202 1.1019840 1.6223249 1.5803876 2.0891175 2.3669596 2.3266472 2.2388869 2.4411886 1.5275174 1.5839258 1.4351966 1.1365068 1.1323027 
YP_009010949.1 1.0057284 0.9645543 0.9256001 1.0062095 0.9810111 0.9176121 0.9646799 1.0260696 0.9127994 1.1327954 0.9763582 0.9786291 0.9297873 0.9085036 0.2409986 0.1497796 0.1622575 0.0234723 0.0622943 1.1061808 0.0000000 0.2353997 0.0301288 1.1838322 0.2249353 1.2251562 1.2406071 1.4217066 1.2582713 1.2636824 1.4081086 1.3957305 1.4594175 1.3727400 1.4586184 1.2855878 1.3915109 1.4453662 1.4735757 1.3897931 0.8692330 1.5454021 1.5754143 2.1262943 2.0531145 1.8357404 1.8958493 2.2605506 1.1961152 1.1352895 1.1301909 1.0185980 0.9278568 
YP_009162617.1 0.9649931 0.9297128 0.9071781 0.9709755 0.9058056 0.9204333 0.9540255 0.9652760 0.9315906 1.0959040 1.0247867 0.9823215 0.9531922 0.9403284 0.0924497 0.2733849 0.2821630 0.2343596 0.2238120 1.0290662 0.2353997 0.0000000 0.2425406 1.1542631 0.1652193 1.2124835 1.2515995 1.3843456 1.2543721 1.2284997 1.4446483 1.3759612 1.4454849 1.3285265 1.3803216 1.3419205 1.3096895 1.4090487 1.4459695 1.3013723 0.8471438 1.5274805 1.5948482 2.1726216 2.1738454 1.9453138 2.0131848 2.4047455 1.2236177 1.1702024 1.2191951 0.9967897 0.9031419 
YP_009041462.1 1.0286528 0.9672385 0.9516059 1.0287109 0.9967960 0.9425218 0.9850055 1.0292230 0.9127367 1.1455233 1.0039235 1.0012593 0.9397825 0.9083956 0.2459880 0.1586446 0.1713609 0.0235601 0.0625353 1.1345168 0.0301288 0.2425406 0.0000000 1.2318739 0.2248941 1.2565125 1.2798035 1.4182745 1.2855983 1.2446041 1.4378853 1.4223289 1.4568647 1.3913900 1.4558164 1.2997817 1.4135837 1.4809472 1.4945995 1.4127709 0.8799403 1.5484487 1.6086805 2.1559796 2.0933686 1.8619380 1.9219023 2.3210140 1.2399584 1.1377241 1.0890552 0.9566024 0.9519672 
YP_006905853.1 1.2913480 1.2331282 1.1498929 1.2390509 1.0268185 1.0942155 1.1248185 0.9735529 1.2186520 1.1445401 1.1527878 1.1833762 1.2280954 1.2318823 1.1202507 1.1644811 1.1877465 1.2122270 1.2148348 1.1405160 1.1838322 1.1542631 1.2318739 0.0000000 1.1376457 0.1164327 0.2316005 1.4945326 1.3649436 1.5550882 1.4649140 1.5407696 1.5514159 1.5735671 1.4622263 1.4835490 1.5157959 1.6488472 1.6265295 1.6742585 0.8224240 1.6508167 1.7537797 2.3706528 2.4926122 2.3302181 2.2607360 2.4024845 1.3516746 1.4884921 1.3145210 0.8766188 1.1384467 
YP_009010978.1 1.0071138 0.9253364 0.8912230 0.9607408 0.9118556 0.9009254 0.9551607 1.0013966 0.9433414 1.0343652 1.0137210 0.9754940 0.9536389 0.9520176 0.1711559 0.2567526 0.2608450 0.2224496 0.2223529 1.0973883 0.2249353 0.1652193 0.2248941 1.1376457 0.0000000 1.2449871 1.2304072 1.3565964 1.2342937 1.2148708 1.4285686 1.4301018 1.4219458 1.2985338 1.4149192 1.3706590 1.2517345 1.4900992 1.5347066 1.3613834 0.8584579 1.5793034 1.6074919 2.0715114 2.2169499 1.8513602 1.9241871 2.1964073 1.2243998 1.2942506 1.2317013 0.8850065 0.9432650 
YP_004934009.1 1.2994233 1.2551163 1.1513952 1.2241481 1.0288097 1.1358348 1.1054961 0.9593509 1.2240577 1.2234283 1.1742322 1.2072559 1.2324166 1.2373840 1.1892128 1.2337284 1.2575872 1.2251987 1.2320937 1.2001724 1.2251562 1.2124835 1.2565125 0.1164327 1.2449871 0.0000000 0.2707973 1.5112329 1.4407237 1.5773844 1.5284982 1.5447291 1.5783559 1.5714171 1.4852796 1.5200973 1.5975915 1.7300757 1.6752724 1.7289305 0.8496786 1.7235987 1.8001665 2.4116250 2.4689017 2.3410913 2.2614393 2.3941096 1.3939231 1.3568884 1.3159962 0.9063068 1.1570315 
YP_002290967.1 1.3353717 1.2239187 1.1778771 1.2520306 1.1109263 1.1319329 1.1270692 0.9860267 1.2220962 1.1399699 1.1416575 1.1600794 1.2327492 1.2252200 1.2246680 1.2660404 1.2884080 1.2508634 1.2470245 1.2456789 1.2406071 1.2515995 1.2798035 0.2316005 1.2304072 0.2707973 0.0000000 1.4664078 1.3698177 1.5331471 1.4407672 1.5097968 1.5450114 1.4883611 1.4596632 1.4680930 1.5863968 1.6927611 1.6831374 1.6556706 0.8441869 1.5963708 1.8138539 2.4171956 2.3941340 2.3017817 2.2398474 2.3798027 1.4853043 1.5685931 1.4496766 0.9693027 1.1984784 
YP_009664779.1 1.2925262 1.3504399 1.3899674 1.4047244 1.6297474 1.2745444 1.2177494 1.2871972 1.2177987 1.3729308 1.2952639 1.3160356 1.2635867 1.2286104 1.3172953 1.3905848 1.3963740 1.4041004 1.3895084 1.3681148 1.4217066 1.3843456 1.4182745 1.4945326 1.3565964 1.5112329 1.4664078 0.0000000 0.7847006 0.9272740 0.8599902 0.9168707 0.9395627 0.8422107 0.8381334 0.9129737 0.8503479 1.2736250 1.2585521 1.1570446 0.9767027 0.9260848 1.6027445 2.4315479 2.4783236 2.2554205 2.2909180 2.2422479 1.0546743 1.1005721 0.8421897 1.5327276 1.1638639 
YP_009052461.1 1.2911935 1.3018238 1.2904631 1.3605019 1.4312625 1.2443214 1.0708368 1.2121030 1.1450547 1.3206683 1.0916633 1.0539217 1.1525296 1.1450547 1.1572991 1.2866487 1.2852723 1.2602619 1.2423740 1.3064894 1.2582713 1.2543721 1.2855983 1.3649436 1.2342937 1.4407237 1.3698177 0.7847006 0.0000000 0.5842079 0.6550267 0.7350459 0.6635002 0.5730297 0.6103313 0.7071077 0.5946490 1.1143778 1.0047577 1.2776926 1.0278264 0.7698071 1.4750692 2.2281541 2.3383237 2.2703350 2.2665302 2.0227085 1.1733434 1.1456813 0.5712548 1.1752645 1.2029416 
NP_795335.1    1.2725321 1.2916666 1.2254861 1.2427137 1.5185759 1.2572795 1.0963199 1.2296614 1.2736206 1.3590669 1.3191583 1.3339205 1.2964791 1.2817398 1.1744418 1.2292718 1.2311268 1.2490857 1.1884239 1.5235168 1.2636824 1.2284997 1.2446041 1.5550882 1.2148708 1.5773844 1.5331471 0.9272740 0.5842079 0.0000000 0.6825969 0.7784163 0.6273766 0.6498807 0.6314514 0.6790657 0.6901664 1.2998889 1.2351841 1.2382923 1.1414966 0.8253226 1.6088615 2.4020102 2.3634574 2.1194916 2.3290060 2.3392018 1.1027711 1.0414666 0.3108706 1.2488948 1.1780876 
YP_006905856.1 1.3097705 1.3130448 1.3211745 1.3919963 1.4208779 1.2207637 1.0753256 1.2830949 1.2912014 1.2315090 1.2815898 1.2316569 1.3171000 1.2943260 1.4023552 1.4255758 1.4272715 1.4062235 1.4049474 1.4282905 1.4081086 1.4446483 1.4378853 1.4649140 1.4285686 1.5284982 1.4407672 0.8599902 0.6550267 0.6825969 0.0000000 0.6990164 0.2979061 0.4069651 0.4170896 0.7478347 0.4140049 1.3697018 1.2384052 1.1393648 0.9718839 0.6428348 1.7055191 2.2484419 2.4881267 2.1607536 2.2681161 2.2253367 1.1805641 1.2086599 0.5903735 1.1222359 1.1778941 
YP_007003830.1 1.2905841 1.3670969 1.4166323 1.4562357 1.3186121 1.3609033 1.2036333 1.2051534 1.3561876 1.4393008 1.4952240 1.4164956 1.3787050 1.3674015 1.3378519 1.4090953 1.4222651 1.3855142 1.3290271 1.5003345 1.3957305 1.3759612 1.4223289 1.5407696 1.4301018 1.5447291 1.5097968 0.9168707 0.7350459 0.7784163 0.6990164 0.0000000 0.6899191 0.7285785 0.6873813 0.8295762 0.7581604 1.3209183 1.1617783 1.1996905 1.2917407 0.8195904 1.7945510 2.3428232 2.4273628 2.1364153 2.2921967 2.4666165 1.1052197 1.1912671 0.7789085 1.4923770 1.1387091 
YP_003275951.1 1.3432466 1.3242192 1.3387577 1.4128360 1.3497513 1.2639132 1.0337127 1.2154871 1.3285384 1.3428134 1.3352512 1.2936737 1.3646386 1.3268159 1.3829626 1.4818753 1.5045434 1.4449857 1.3788997 1.5404257 1.4594175 1.4454849 1.4568647 1.5514159 1.4219458 1.5783559 1.5450114 0.9395627 0.6635002 0.6273766 0.2979061 0.6899191 0.0000000 0.3859256 0.3891230 0.6876210 0.4172348 1.4730887 1.2820492 1.1016386 1.0236243 0.6410384 1.6455503 2.3616264 2.5386409 2.1690903 2.1873000 2.2409826 1.1470294 1.0909798 0.5531289 1.0409941 1.1905906 
YP_006905859.1 1.4147490 1.3161990 1.4199461 1.4601786 1.4725979 1.2613295 1.0038534 1.1750693 1.2080616 1.3821583 1.2797761 1.2181722 1.2387722 1.2111744 1.2891295 1.3650731 1.3711508 1.3621066 1.3496812 1.3683959 1.3727400 1.3285265 1.3913900 1.5735671 1.2985338 1.5714171 1.4883611 0.8422107 0.5730297 0.6498807 0.4069651 0.7285785 0.3859256 0.0000000 0.4161792 0.7084118 0.2520983 1.2755728 1.1978848 1.1621490 0.9849453 0.6540785 1.6348306 2.3020584 2.2516510 2.0131373 2.0872455 2.1560493 0.9322303 1.0867928 0.5824048 1.3216101 1.2999642 
YP_009047078.1 1.3386715 1.3501481 1.4287227 1.4756976 1.3629285 1.2852725 1.0980008 1.1248554 1.3681936 1.3162736 1.4334181 1.3391501 1.4395887 1.3848604 1.2686610 1.4647134 1.4664607 1.4406865 1.4209918 1.4264290 1.4586184 1.3803216 1.4558164 1.4622263 1.4149192 1.4852796 1.4596632 0.8381334 0.6103313 0.6314514 0.4170896 0.6873813 0.3891230 0.4161792 0.0000000 0.6582271 0.4980710 1.3326042 1.3396719 1.1495162 1.0683788 0.6476912 1.6521916 2.3074027 2.4475546 2.1457646 2.3173452 2.2432148 1.0427945 1.0830513 0.5557037 1.1684625 1.2009057 
NP_059945.2    1.2698464 1.2956027 1.3526980 1.4543835 1.4842127 1.2492239 1.1698893 1.1089625 1.2815141 1.3706584 1.3785480 1.3031783 1.3288493 1.2782463 1.2524294 1.3228857 1.3335171 1.2697493 1.2490228 1.3697306 1.2855878 1.3419205 1.2997817 1.4835490 1.3706590 1.5200973 1.4680930 0.9129737 0.7071077 0.6790657 0.7478347 0.8295762 0.6876210 0.7084118 0.6582271 0.0000000 0.7086111 1.3952382 1.2706179 1.2323864 1.1498962 0.5014496 1.5334846 2.3636762 2.2615401 2.0387132 2.2571387 2.4238264 1.0737947 1.1029125 0.7168426 1.6001680 1.1634644 
YP_003090286.1 1.4271529 1.3743978 1.4092000 1.4834768 1.4572292 1.2641801 1.1069678 1.1842566 1.2892428 1.3012468 1.2692091 1.2337880 1.3170691 1.2858525 1.2485534 1.3470916 1.3530050 1.3832871 1.3532368 1.3678890 1.3915109 1.3096895 1.4135837 1.5157959 1.2517345 1.5975915 1.5863968 0.8503479 0.5946490 0.6901664 0.4140049 0.7581604 0.4172348 0.2520983 0.4980710 0.7086111 0.0000000 1.4076326 1.2140988 1.1201522 1.0881596 0.7118602 1.5917245 2.2580159 2.5381958 2.0580382 2.2140558 2.2609274 0.9453721 1.0971286 0.7123529 1.2073802 1.2962640 
YP_009664790.1 1.6670320 1.6632941 1.5691528 1.6144125 1.5423590 1.4557146 1.3190024 1.4784661 1.5152364 1.5435882 1.4253837 1.4515632 1.5591021 1.5274495 1.3696114 1.4753658 1.4928077 1.4525194 1.4386737 1.7039682 1.4453662 1.4090487 1.4809472 1.6488472 1.4900992 1.7300757 1.6927611 1.2736250 1.1143778 1.2998889 1.3697018 1.3209183 1.4730887 1.2755728 1.3326042 1.3952382 1.4076326 0.0000000 0.5245714 1.0889328 1.5104667 1.4617069 2.0835546 2.6128893 2.5538173 2.3972001 2.2527629 2.3911222 0.9143137 0.9272932 1.2678927 2.0633416 1.5108817 
YP_009664787.1 1.4635394 1.4465541 1.5926792 1.6180889 1.4944987 1.5451284 1.3392837 1.5420691 1.3820282 1.6348274 1.3473979 1.3674026 1.4180596 1.3670845 1.4344647 1.5107038 1.5329260 1.4614413 1.4381861 1.5839938 1.4735757 1.4459695 1.4945995 1.6265295 1.5347066 1.6752724 1.6831374 1.2585521 1.0047577 1.2351841 1.2384052 1.1617783 1.2820492 1.1978848 1.3396719 1.2706179 1.2140988 0.5245714 0.0000000 1.2196804 1.4143856 1.3048013 1.8260279 2.1885080 2.3800251 2.1785022 2.0635700 2.2837724 1.1155038 1.0940115 1.2018840 2.0402963 1.3100237 
YP_009664783.1 1.4731762 1.3963550 1.2891094 1.3376708 1.4380151 1.4168443 1.4298409 1.3220600 1.3842984 1.5078336 1.3634143 1.4120648 1.3790135 1.3842984 1.3325979 1.3052217 1.3244118 1.3814122 1.3274201 1.5319202 1.3897931 1.3013723 1.4127709 1.6742585 1.3613834 1.7289305 1.6556706 1.1570446 1.2776926 1.2382923 1.1393648 1.1996905 1.1016386 1.1621490 1.1495162 1.2323864 1.1201522 1.0889328 1.2196804 0.0000000 1.2836218 1.2571972 1.5301034 2.1405100 2.3831069 1.8976541 1.9145883 2.1400335 0.4861456 0.6721911 1.1773366 2.4840408 1.4657752 
YP_009380533.1 0.8746245 0.8850868 0.8856161 0.9166839 0.7994303 0.3323896 0.5351324 0.8294308 0.3937350 0.7154725 0.4140042 0.3891145 0.3857703 0.3937350 0.8117746 0.8466420 0.8476611 0.8646160 0.8676723 1.1019840 0.8692330 0.8471438 0.8799403 0.8224240 0.8584579 0.8496786 0.8441869 0.9767027 1.0278264 1.1414966 0.9718839 1.2917407 1.0236243 0.9849453 1.0683788 1.1498962 1.0881596 1.5104667 1.4143856 1.2836218 0.0000000 1.1560904 1.4697060 1.9512788 1.8883300 1.7211610 1.6336237 1.7564248 1.5392290 1.4549040 1.2054581 0.2104283 0.8746059 
YP_009047246.1 1.5023803 1.5800439 1.5974125 1.6727990 1.5662981 1.3933360 1.2705848 1.2875075 1.4569274 1.5064596 1.5239427 1.4246272 1.5035678 1.4686919 1.4336717 1.5595385 1.5781354 1.5202175 1.4844397 1.6223249 1.5454021 1.5274805 1.5484487 1.6508167 1.5793034 1.7235987 1.5963708 0.9260848 0.7698071 0.8253226 0.6428348 0.8195904 0.6410384 0.6540785 0.6476912 0.5014496 0.7118602 1.4617069 1.3048013 1.2571972 1.1560904 0.0000000 1.6450725 2.2926477 2.5319907 2.1207318 2.2417102 2.3778867 1.0977651 1.2621441 0.7208258 1.5427744 1.4248691 
YP_009010968.1 1.6717595 1.6418341 1.7338129 1.7875728 1.5506890 1.7259359 1.5541304 1.4833257 1.5690902 1.5051697 1.6106971 1.5563370 1.6173330 1.5645918 1.5875714 1.5269785 1.5478448 1.5858576 1.6004134 1.5803876 1.5754143 1.5948482 1.6086805 1.7537797 1.6074919 1.8001665 1.8138539 1.6027445 1.4750692 1.6088615 1.7055191 1.7945510 1.6455503 1.6348306 1.6521916 1.5334846 1.5917245 2.0835546 1.8260279 1.5301034 1.4697060 1.6450725 0.0000000 2.4750093 2.4693529 2.4346154 2.2627464 2.7094884 1.7867343 1.7080246 1.5680134 1.8124119 1.5667927 
YP_009362294.1 2.1538747 1.9761842 2.0284144 2.0612475 2.3042651 2.3425083 1.9025383 2.1937541 2.2449807 2.2575585 2.3281889 2.2777119 2.2654035 2.2594783 2.0455777 2.1491629 2.1362734 2.0742081 2.1289261 2.0891175 2.1262943 2.1726216 2.1559796 2.3706528 2.0715114 2.4116250 2.4171956 2.4315479 2.2281541 2.4020102 2.2484419 2.3428232 2.3616264 2.3020584 2.3074027 2.3636762 2.2580159 2.6128893 2.1885080 2.1405100 1.9512788 2.2926477 2.4750093 0.0000000 1.1031815 0.6347880 0.6679350 0.9882347 2.5522035 2.2805892 2.2549518 3.3728607 1.9208784 
NP_620617.2    2.0748055 2.0791913 2.2490828 2.2939418 2.2682568 1.9888291 1.9497423 2.3199870 2.0227650 2.1758679 2.0900164 2.0935434 2.1076788 2.0187080 2.1779222 2.1427250 2.1417820 2.0531514 2.0911610 2.3669596 2.0531145 2.1738454 2.0933686 2.4926122 2.2169499 2.4689017 2.3941340 2.4783236 2.3383237 2.3634574 2.4881267 2.4273628 2.5386409 2.2516510 2.4475546 2.2615401 2.5381958 2.5538173 2.3800251 2.3831069 1.8883300 2.5319907 2.4693529 1.1031815 0.0000000 1.1344078 1.1064639 1.3969344 2.7874927 2.4431599 2.4728024 3.1846572 1.8619659 
YP_002728002.1 2.2250778 2.0187610 2.0728776 2.1773830 2.1497854 2.0794258 1.7822202 2.0674511 1.9606721 2.1927693 2.1296775 2.1148128 1.9699168 1.9733647 1.8528752 1.9126293 1.9288038 1.8301083 1.8161867 2.3266472 1.8357404 1.9453138 1.8619380 2.3302181 1.8513602 2.3410913 2.3017817 2.2554205 2.2703350 2.1194916 2.1607536 2.1364153 2.1690903 2.0131373 2.1457646 2.0387132 2.0580382 2.3972001 2.1785022 1.8976541 1.7211610 2.1207318 2.4346154 0.6347880 1.1344078 0.0000000 0.4356020 0.9362595 2.2648912 1.9965278 2.1599034 2.4561669 1.9778187 
NP_987087.2    2.1877856 2.1270752 2.0684232 2.1518198 2.1994123 2.1784192 1.8213140 2.1439269 2.1051881 2.1423299 2.2007879 2.1625796 2.1348112 2.0983602 1.8636415 1.9904361 1.9914958 1.8912741 1.9392289 2.2388869 1.8958493 2.0131848 1.9219023 2.2607360 1.9241871 2.2614393 2.2398474 2.2909180 2.2665302 2.3290060 2.2681161 2.2921967 2.1873000 2.0872455 2.3173452 2.2571387 2.2140558 2.2527629 2.0635700 1.9145883 1.6336237 2.2417102 2.2627464 0.6679350 1.1064639 0.4356020 0.0000000 0.9690809 2.2032709 2.1154075 2.2567102 2.8561042 1.8669011 
NP_853540.1    2.3110929 2.2584879 2.1208336 2.3070368 2.3459982 2.3206895 1.9230195 2.4880760 2.3375388 2.3668905 2.2954751 2.3640679 2.3808655 2.3648440 2.2394489 2.3471382 2.3801202 2.3076638 2.2495865 2.4411886 2.2605506 2.4047455 2.3210140 2.4024845 2.1964073 2.3941096 2.3798027 2.2422479 2.0227085 2.3392018 2.2253367 2.4666165 2.2409826 2.1560493 2.2432148 2.4238264 2.2609274 2.3911222 2.2837724 2.1400335 1.7564248 2.3778867 2.7094884 0.9882347 1.3969344 0.9362595 0.9690809 0.0000000 2.3853946 2.2736036 2.4782411 2.7323673 1.9357355 
YP_009664785.1 1.3973799 1.4001690 1.2905647 1.5015630 1.3875589 1.1679999 1.5194097 1.1492940 1.3599800 1.3634640 1.2819442 1.3499608 1.3385442 1.3599800 1.1458732 1.1688170 1.1958388 1.2081063 1.2091235 1.5275174 1.1961152 1.2236177 1.2399584 1.3516746 1.2243998 1.3939231 1.4853043 1.0546743 1.1733434 1.1027711 1.1805641 1.1052197 1.1470294 0.9322303 1.0427945 1.0737947 0.9453721 0.9143137 1.1155038 0.4861456 1.5392290 1.0977651 1.7867343 2.5522035 2.7874927 2.2648912 2.2032709 2.3853946 0.0000000 0.6595651 1.1283945 1.8494390 1.3973799 
YP_009664781.1 1.4584316 1.3373829 1.2559610 1.3740881 1.5202909 1.1675563 1.2027096 1.3651381 1.3170153 1.6135886 1.2958778 1.3344519 1.3436716 1.3170153 1.1359581 1.1726646 1.2265540 1.1185157 1.1569021 1.5839258 1.1352895 1.1702024 1.1377241 1.4884921 1.2942506 1.3568884 1.5685931 1.1005721 1.1456813 1.0414666 1.2086599 1.1912671 1.0909798 1.0867928 1.0830513 1.1029125 1.0971286 0.9272932 1.0940115 0.6721911 1.4549040 1.2621441 1.7080246 2.2805892 2.4431599 1.9965278 2.1154075 2.2736036 0.6595651 0.0000000 1.1340372 1.5468741 1.4584316 
YP_009664777.1 1.2568814 1.2807286 1.2514810 1.3634488 1.4951171 1.2052510 1.0697727 0.9509489 1.1136855 1.2871742 1.2198786 1.2291614 1.1401540 1.1136855 1.1515551 1.0939273 1.1158599 1.1032872 1.1451300 1.4351966 1.1301909 1.2191951 1.0890552 1.3145210 1.2317013 1.3159962 1.4496766 0.8421897 0.5712548 0.3108706 0.5903735 0.7789085 0.5531289 0.5824048 0.5557037 0.7168426 0.7123529 1.2678927 1.2018840 1.1773366 1.2054581 0.7208258 1.5680134 2.2549518 2.4728024 2.1599034 2.2567102 2.4782411 1.1283945 1.1340372 0.0000000 1.3725878 1.2568814 
YP_009666025.1 1.0378941 1.2369673 1.1151944 1.2825589 0.8790352 0.0000010 0.4165327 0.9449694 0.3255742 0.6042164 0.3067218 0.3093251 0.3255742 0.3255742 0.8850996 1.0122437 1.0191486 0.9587765 0.9564208 1.1365068 1.0185980 0.9967897 0.9566024 0.8766188 0.8850065 0.9063068 0.9693027 1.5327276 1.1752645 1.2488948 1.1222359 1.4923770 1.0409941 1.3216101 1.1684625 1.6001680 1.2073802 2.0633416 2.0402963 2.4840408 0.2104283 1.5427744 1.8124119 3.3728607 3.1846572 2.4561669 2.8561042 2.7323673 1.8494390 1.5468741 1.3725878 0.0000000 1.0378941 
Murine         0.0096539 0.4724569 0.4904011 0.5482801 0.8368535 0.8770038 0.8881087 0.9292294 0.9081582 0.9338920 0.8779896 0.8846043 0.9094155 0.9081582 0.8948401 0.8805192 0.8769666 0.9152242 0.9016174 1.1323027 0.9278568 0.9031419 0.9519672 1.1384467 0.9432650 1.1570315 1.1984784 1.1638639 1.2029416 1.1780876 1.1778941 1.1387091 1.1905906 1.2999642 1.2009057 1.1634644 1.2962640 1.5108817 1.3100237 1.4657752 0.8746059 1.4248691 1.5667927 1.9208784 1.8619659 1.9778187 1.8669011 1.9357355 1.3973799 1.4584316 1.2568814 1.0378941 0.0000000 
