53
YP_006843891.1_Murine_astrovirus                                                                                         0.0000000 0.5137490 0.6088532 0.6607768 0.8500226 0.9968549 0.8869451 1.0628518 1.0081223 1.0829401 1.0278875 1.0062779 1.0004221 1.0081223 0.9534910 0.9490887 0.9455268 0.9924693 0.9663503 1.2891688 1.0037096 0.9630840 1.0265457 1.2881546 1.0051253 1.2961894 1.3321447 1.2895634 1.2883875 1.2697206 1.3066614 1.2875966 1.3400955 1.4113909 1.3355883 1.2670068 1.4237105 1.6624279 1.4597987 1.4693619 0.8731197 1.4985670 1.6672537 2.1469013 2.0680882 2.2172596 2.1803670 2.3029664 1.3937074 1.4548959 1.2541778 1.0359668 0.0096536 
YP_009448179.1_Rodent_astrovirus                                                                                         0.5137490 0.0000000 0.5610020 0.6089087 0.8374502 1.0342005 0.8873286 1.0782603 0.9928108 1.0357007 1.0263862 1.0497926 1.0284679 0.9903893 0.9244676 0.9331696 0.9442500 0.9584598 0.9630704 1.3001254 0.9626223 0.9278632 0.9652717 1.2302581 0.9235402 1.2522166 1.2212078 1.3471141 1.2988696 1.2887482 1.3100230 1.3638012 1.3211714 1.3131573 1.3469700 1.2926059 1.3711222 1.6587940 1.4430671 1.3929246 0.8835644 1.5759498 1.6375402 1.9703651 2.0726062 2.0123947 2.1200269 2.2508205 1.3963078 1.3341645 1.2777856 1.2341018 0.4719517 
YP_009010981.1_Porcine_astrovirus_4                                                                                      0.6088532 0.5610020 0.0000000 0.0602469 0.9203187 0.9915346 0.9553539 1.1212188 1.0797123 1.1304603 1.0683198 1.0630685 1.0899302 1.0934097 0.8680743 0.8968177 0.9154425 0.9255452 0.9406841 1.2782271 0.9238541 0.9054556 0.9497884 1.1472910 0.8895912 1.1486990 1.1752477 1.3864719 1.2875050 1.2227818 1.3181023 1.4131587 1.3356277 1.4164079 1.4252030 1.3495827 1.4057661 1.5650393 1.5884336 1.2861780 0.8840515 1.5931068 1.7289108 2.0219787 2.2411796 2.0658366 2.0614792 2.1137898 1.2874300 1.2531761 1.2487379 1.1128773 0.4897755 
YP_005271208.1_Astrovirus_wild_boar_WBAstV-1_2011_HUN                                                                    0.6607768 0.6089087 0.0602469 0.0000000 0.9736217 1.0323418 1.0108587 1.1618247 1.1366298 1.1625456 1.1216615 1.1007935 1.1494804 1.1541460 0.9268477 0.9399580 0.9560493 1.0061962 1.0122814 1.2938895 1.0042305 0.9690709 1.0266647 1.2361189 0.9589451 1.2211452 1.2491334 1.4011139 1.3572772 1.2399444 1.3886459 1.4525938 1.4093990 1.4564507 1.4719241 1.4508113 1.4797399 1.6101128 1.6137034 1.3345438 0.9149984 1.6681308 1.7823938 2.0546030 2.2857635 2.1695771 2.1443117 2.2988362 1.4975178 1.3708706 1.3601849 1.2796745 0.5475367 
YP_009154706.1_Astrovirus_Er_SZAL6_HUN_2011                                                                              0.8500226 0.8374502 0.9203187 0.9736217 0.0000000 0.9204905 1.0412500 0.8466732 0.9232746 0.9110211 0.9525660 0.9618697 0.9403206 0.9232746 0.8719768 0.9473526 0.9667086 0.9730837 0.9490174 1.3066609 0.9791509 0.9041025 0.9948553 1.0246662 0.9101710 1.0267455 1.1086512 1.6253551 1.4278004 1.5147999 1.4174483 1.3154762 1.3466912 1.4689785 1.3597819 1.4805155 1.4536815 1.5382918 1.4906840 1.4344324 0.7981198 1.5622901 1.5468785 2.2961090 2.2601681 2.1421917 2.1915326 2.3372547 1.3839970 1.5165557 1.4915506 0.8776859 0.8353961 
YP_009130648.1_Canine_astrovirus                                                                                         0.9968549 1.0342005 0.9915346 1.0323418 0.9204905 0.0000000 0.6406335 0.9620503 0.5371584 0.9337988 0.5544839 0.5553640 0.5449683 0.5415363 0.8651744 0.8721312 0.8851942 0.9067437 0.9230122 1.2388597 0.9158257 0.9186220 0.9406313 1.0916898 0.8991225 1.1331847 1.1292770 1.2715798 1.2414685 1.2545050 1.2179241 1.3574961 1.2608846 1.2583186 1.2821629 1.2463611 1.2612269 1.4519223 1.5409651 1.4131965 0.3320712 1.3898834 1.7210563 2.3343053 1.9825579 2.0722324 2.1708342 2.3122240 1.1652275 1.1650226 1.2026018 0.0000010 0.8755225 
YP_009664775.1_Bottlenose_dolphin_astrovirus_1                                                                           0.8869451 0.8873286 0.9553539 1.0108587 1.0412500 0.6406335 0.0000000 0.9655282 0.6503042 1.0064924 0.6464478 0.6479531 0.6517115 0.6503042 0.9409438 0.9422795 0.9483976 0.9624206 0.9530741 1.0906600 0.9627381 0.9520316 0.9829642 1.1221996 0.9532302 1.1029705 1.1244996 1.2150031 1.0688201 1.0941275 1.0731649 1.2009946 1.0317016 1.0018783 1.0957588 1.1673543 1.1046204 1.3158160 1.3360272 1.4261698 0.5343920 1.2676513 1.5503108 1.8968353 1.9436498 1.7769463 1.8158000 1.9170148 1.5150456 1.1999368 1.0676689 0.4161853 0.8864789 
YP_009094053.1_Rabbit_astrovirus_TN_2208_2010                                                                            1.0628518 1.0782603 1.1212188 1.1618247 0.8466732 0.9620503 0.9655282 0.0000000 0.9920341 0.7148116 1.1075549 1.0792192 1.0064806 0.9920341 0.9649135 1.0230262 1.0253222 1.0194981 1.0043152 1.2190482 1.0240133 0.9633633 1.0270970 0.9714317 0.9993944 0.9572398 0.9839716 1.2841276 1.2094576 1.2269903 1.2800346 1.2023949 1.2127223 1.1724874 1.1223197 1.1066881 1.1815783 1.4747364 1.5377880 1.3188979 0.8278917 1.2845639 1.4797805 2.1863264 2.3120351 2.0605559 2.1368470 2.4790636 1.1465518 1.3617581 0.9491083 0.9428043 0.9274031 
NP_751905.1_Human_astrovirus                                                                                             1.0081223 0.9928108 1.0797123 1.1366298 0.9232746 0.5371584 0.6503042 0.9920341 0.0000000 0.9527472 0.3515573 0.3114027 0.0302044 0.0020912 0.8448323 0.9088023 0.9101390 0.8804799 0.8650625 1.1709496 0.9111773 0.9298438 0.9110685 1.2158083 0.9416288 1.2211900 1.2192418 1.2151743 1.1426565 1.2707515 1.2882464 1.3528425 1.3253763 1.2053348 1.3649276 1.2786667 1.2862727 1.5112596 1.3785932 1.3809370 0.3933823 1.4533273 1.5650226 2.2372594 2.0163790 1.9543456 2.0981184 2.3291466 1.3564316 1.3139391 1.1114155 0.3253119 0.9065107 
YP_009345903.1_Qinghai_Himalayan_marmot_astrovirus_2                                                                     1.0829401 1.0357007 1.1304603 1.1625456 0.9110211 0.9337988 1.0064924 0.7148116 0.9527472 0.0000000 1.0857356 1.0153688 0.9572401 0.9527472 1.0490612 1.0805129 1.0899893 1.1118366 1.1036008 1.1188542 1.1303830 1.0936738 1.1430411 1.1419213 1.0323471 1.2205254 1.1374204 1.3695799 1.3176259 1.3558586 1.2287990 1.4357036 1.3396848 1.3789072 1.3131412 1.3675361 1.2984262 1.5395782 1.6302799 1.5040192 0.7143249 1.5028296 1.5015230 2.2501130 2.1686865 2.1853823 2.1352124 2.3586900 1.3601061 1.6093291 1.2844163 0.6033464 0.9321290 
YP_009094278.1_Mamastrovirus_3                                                                                           1.0278875 1.0263862 1.0683198 1.1216615 0.9525660 0.5544839 0.6464478 1.1075549 0.3515573 1.0857356 0.0000000 0.1153245 0.3546333 0.3515422 0.9613996 1.0010549 1.0075184 0.9912139 0.9931467 1.2075687 0.9744832 1.0227031 1.0019102 1.1502125 1.0117293 1.1715977 1.1391111 1.2924040 1.0894627 1.3161569 1.2786638 1.4912682 1.3320446 1.2768192 1.4298835 1.3752409 1.2662474 1.4218652 1.3440695 1.3601548 0.4135633 1.5199868 1.6064565 2.3201900 2.0831595 2.1224271 2.1933040 2.2873767 1.2787773 1.2929161 1.2172779 0.3064856 0.8764725 
YP_008519301.1_Feline_astrovirus_2                                                                                       1.0062779 1.0497926 1.0630685 1.1007935 0.9618697 0.5553640 0.6479531 1.0792192 0.3114027 1.0153688 0.1153245 0.0000000 0.3170605 0.3114012 0.9150037 0.9770954 0.9753782 0.9793252 0.9626794 1.1435380 0.9767415 0.9803644 0.9992457 1.1806838 0.9736277 1.2044329 1.1574386 1.3130606 1.0518747 1.3308252 1.2289461 1.4128600 1.2906059 1.2154583 1.3359525 1.3001307 1.2309917 1.4479112 1.3639895 1.4086241 0.3887502 1.4210947 1.5525206 2.2699448 2.0867527 2.1076336 2.1552682 2.3556142 1.3466132 1.3313834 1.2265360 0.3091193 0.8830429 
YP_009275017.1_Mamastrovirus_1                                                                                           1.0004221 1.0284679 1.0899302 1.1494804 0.9403206 0.5449683 0.6517115 1.0064806 0.0302044 0.9572401 0.3546333 0.3170605 0.0000000 0.0302303 0.8623146 0.9202004 0.9215726 0.9066504 0.8891425 1.1535347 0.9280854 0.9513642 0.9380130 1.2252356 0.9518686 1.2295252 1.2298574 1.2607985 1.1500880 1.2935097 1.3140164 1.3752819 1.3612723 1.2359196 1.4360133 1.3257757 1.3139414 1.5548918 1.4144721 1.3756464 0.3854152 1.4997220 1.6130615 2.2576015 2.1008669 1.9635336 2.1275960 2.3722248 1.3350690 1.3405292 1.1378051 0.3253119 0.9077476 
NP_059443.2_Human_astrovirus                                                                                             1.0081223 0.9903893 1.0934097 1.1541460 0.9232746 0.5415363 0.6503042 0.9920341 0.0020912 0.9527472 0.3515422 0.3114012 0.0302303 0.0000000 0.8507391 0.9086884 0.9100227 0.8763131 0.8609820 1.1727960 0.9068891 0.9385525 0.9067352 1.2289863 0.9502755 1.2344640 1.2223517 1.2259500 1.1426565 1.2788386 1.2913556 1.3640022 1.3236583 1.2084333 1.3815244 1.2754053 1.2828890 1.5234076 1.3637067 1.3809370 0.3933823 1.4650362 1.5605384 2.2516561 2.0123488 1.9669575 2.0913310 2.3562692 1.3564316 1.3139391 1.1114155 0.3253119 0.9065107 
YP_009380531.1_Mamastrovirus_2                                                                                           0.9534910 0.9244676 0.8680743 0.9268477 0.8719768 0.8651744 0.9409438 0.9649135 0.8448323 1.0490612 0.9613996 0.9150037 0.8623146 0.8507391 0.0000000 0.2771352 0.2860084 0.2339744 0.2320888 1.0266234 0.2408763 0.0924235 0.2458583 1.1179060 0.1710827 1.1866810 1.2220011 1.3141844 1.1548527 1.1720391 1.3989716 1.3347599 1.3795990 1.2861786 1.2656886 1.2496774 1.2458059 1.3662783 1.4308064 1.3293664 0.8104213 1.4301689 1.5834930 2.0391266 2.1706552 1.8472706 1.8580326 2.2317865 1.1430796 1.1334710 1.1493198 0.8836123 0.8932337 
YP_009010943.1_Bovine_astrovirus_B76_HK                                                                                  0.9490887 0.9331696 0.8968177 0.9399580 0.9473526 0.8721312 0.9422795 1.0230262 0.9088023 1.0805129 1.0010549 0.9770954 0.9202004 0.9086884 0.2771352 0.0000000 0.0129628 0.1501100 0.1483015 1.1103202 0.1497276 0.2732149 0.1585872 1.1619162 0.2566014 1.2309942 1.2631477 1.3871250 1.2836364 1.2266080 1.4218952 1.4056407 1.4779990 1.3617195 1.4608166 1.3197634 1.3438684 1.4714591 1.5065631 1.3020919 0.8450610 1.5554871 1.5231080 2.1420923 2.1356549 1.9065127 1.9839391 2.3388484 1.1657975 1.1700070 1.0918407 1.0103603 0.8788852 
YP_009010952.1_Bovine_astrovirus_B170_HK                                                                                 0.9455268 0.9442500 0.9154425 0.9560493 0.9667086 0.8851942 0.9483976 1.0253222 0.9101390 1.0899893 1.0075184 0.9753782 0.9215726 0.9100227 0.2860084 0.0129628 0.0000000 0.1626086 0.1608175 1.1054598 0.1621951 0.2819845 0.1712927 1.1851157 0.2606949 1.2547817 1.2854429 1.3929108 1.2822524 1.2284500 1.4235866 1.4187530 1.5005618 1.3677850 1.4625599 1.3303579 1.3497839 1.4888576 1.5287207 1.3212340 0.8460858 1.5740329 1.5439159 2.1292925 2.1347273 1.9226060 1.9850560 2.3715853 1.1927418 1.2236563 1.1136640 1.0172021 0.8753710 
YP_009010946.1_Bovine_astrovirus_B76-2_HK                                                                                0.9924693 0.9584598 0.9255452 1.0061962 0.9730837 0.9067437 0.9624206 1.0194981 0.8804799 1.1118366 0.9912139 0.9793252 0.9066504 0.8763131 0.2339744 0.1501100 0.1626086 0.0000000 0.0481655 1.1069765 0.0234711 0.2342319 0.0235590 1.2095585 0.2223265 1.2225170 1.2480174 1.4005865 1.2574578 1.2463940 1.4026792 1.3822094 1.4413020 1.3588200 1.4370015 1.2668778 1.3799984 1.4487139 1.4575159 1.3780194 0.8630757 1.5163060 1.5817449 2.0676894 2.0465266 1.8245275 1.8853968 2.2996167 1.2049787 1.1160556 1.1011793 0.9571013 0.9134426 
YP_009480536.1_Sichuan_takin_astrovirus                                                                                  0.9663503 0.9630704 0.9406841 1.0122814 0.9490174 0.9230122 0.9530741 1.0043152 0.8650625 1.1036008 0.9931467 0.9626794 0.8891425 0.8609820 0.2320888 0.1483015 0.1608175 0.0481655 0.0000000 1.1076302 0.0622839 0.2236945 0.0625249 1.2121669 0.2222313 1.2293909 1.2442415 1.3860451 1.2395996 1.1859116 1.4013482 1.3258649 1.3754341 1.3464031 1.4173423 1.2462377 1.3500394 1.4348637 1.4343620 1.3241723 0.8661334 1.4806418 1.5962390 2.1219771 2.0843376 1.8106628 1.9330515 2.2418603 1.2059681 1.1543719 1.1428823 0.9547333 0.8998940 
YP_009345898.1_Qinghai_Himalayan_marmot_astrovirus_1                                                                     1.2891688 1.3001254 1.2782271 1.2938895 1.3066609 1.2388597 1.0906600 1.2190482 1.1709496 1.1188542 1.2075687 1.1435380 1.1535347 1.1727960 1.0266234 1.1103202 1.1054598 1.1069765 1.1076302 0.0000000 1.1039313 1.0270533 1.1321770 1.1379447 1.0952255 1.1973037 1.2427159 1.3648294 1.3035662 1.5196667 1.4247028 1.4964708 1.5363991 1.3651947 1.4227821 1.3664795 1.3647237 1.6991648 1.5796951 1.5279135 1.0996846 1.6179964 1.5763007 2.0824610 2.3588504 2.3180816 2.2309241 2.4322130 1.5231910 1.5796565 1.4316744 1.1340741 1.1298152 
YP_009010949.1_Bovine_astrovirus_B18_HK                                                                                  1.0037096 0.9626223 0.9238541 1.0042305 0.9791509 0.9158257 0.9627381 1.0240133 0.9111773 1.1303830 0.9744832 0.9767415 0.9280854 0.9068891 0.2408763 0.1497276 0.1621951 0.0234711 0.0622839 1.1039313 0.0000000 0.2352664 0.0301268 1.1812559 0.2248096 1.2224915 1.2378253 1.4181644 1.2554751 1.2609549 1.4045672 1.3923960 1.4556933 1.3694401 1.4548845 1.2826798 1.3882141 1.4416112 1.4696302 1.3864145 0.8676700 1.5414094 1.5713993 2.1194560 2.0465490 1.8301245 1.8899489 2.2527712 1.1930845 1.1327971 1.1280188 1.0167324 0.9260764 
YP_009162617.1_Dromedary_astrovirus                                                                                      0.9630840 0.9278632 0.9054556 0.9690709 0.9041025 0.9186220 0.9520316 0.9633633 0.9298438 1.0936738 1.0227031 0.9803644 0.9513642 0.9385525 0.0924235 0.2732149 0.2819845 0.2342319 0.2236945 1.0270533 0.2352664 0.0000000 0.2424008 1.1518338 0.1651477 1.2098606 1.2488673 1.3809418 1.2515302 1.2258101 1.4409363 1.3726360 1.4417569 1.3253606 1.3768055 1.3387192 1.3066531 1.4054893 1.4422145 1.2981865 0.8456017 1.5234140 1.5907291 2.1654295 2.1665376 1.9391511 2.0066482 2.3959622 1.2204800 1.1674837 1.2166623 0.9948044 0.9014236 
YP_009041462.1_Bovine_astrovirus                                                                                         1.0265457 0.9652717 0.9497884 1.0266647 0.9948553 0.9406313 0.9829642 1.0270970 0.9110685 1.1430411 1.0019102 0.9992457 0.9380130 0.9067352 0.2458583 0.1585872 0.1712927 0.0235590 0.0625249 1.1321770 0.0301268 0.2424008 0.0000000 1.2290997 0.2247610 1.2536957 1.2768249 1.4147246 1.2826713 1.2419186 1.4341880 1.4188488 1.4531113 1.3879762 1.4520505 1.2967855 1.4101437 1.4770007 1.4905170 1.4092800 0.8783208 1.5443905 1.6044808 2.1489976 2.0865480 1.8562001 1.9158406 2.3128714 1.2367136 1.1351851 1.0869617 0.9549143 0.9500960 
YP_006905853.1_Astrovirus_MLB3                                                                                           1.2881546 1.2302581 1.1472910 1.2361189 1.0246662 1.0916898 1.1221996 0.9714317 1.2158083 1.1419213 1.1502125 1.1806838 1.2252356 1.2289863 1.1179060 1.1619162 1.1851157 1.2095585 1.2121669 1.1379447 1.1812559 1.1518338 1.2290997 0.0000000 1.1351943 0.1163888 0.2314774 1.4907549 1.3616919 1.5512074 1.4611411 1.5367651 1.5472838 1.5694377 1.4584724 1.4797329 1.5118517 1.6443830 1.6221191 1.6695418 0.8208353 1.6463271 1.7489644 2.3622421 2.4832747 2.3217458 2.2526839 2.3941022 1.3480452 1.4847024 1.3114604 0.8746479 1.1357728 
YP_009010978.1_Porcine_astrovirus_2                                                                                      1.0051253 0.9235402 0.8895912 0.9589451 0.9101710 0.8991225 0.9532302 0.9993944 0.9416288 1.0323471 1.0117293 0.9736277 0.9518686 0.9502755 0.1710827 0.2566014 0.2606949 0.2223265 0.2222313 1.0952255 0.2248096 0.1651477 0.2247610 1.1351943 0.0000000 1.2422304 1.2276304 1.3533128 1.2315404 1.2122507 1.4249644 1.4266609 1.4183514 1.2954397 1.4113289 1.3673400 1.2489168 1.4862416 1.5306145 1.3580269 0.8569122 1.5750959 1.6033515 2.0649985 2.2093355 1.8457834 1.9181747 2.1891506 1.2211303 1.2911637 1.2291234 0.8834432 0.9414515 
YP_004934009.1_Astrovirus_MLB2                                                                                           1.2961894 1.2522166 1.1486990 1.2211452 1.0267455 1.1331847 1.1029705 0.9572398 1.2211900 1.2205254 1.1715977 1.2044329 1.2295252 1.2344640 1.1866810 1.2309942 1.2547817 1.2225170 1.2293909 1.1973037 1.2224915 1.2098606 1.2536957 0.1163888 1.2422304 0.0000000 0.2706186 1.5073290 1.4372219 1.5734007 1.5244612 1.5406466 1.5741449 1.5672965 1.4814218 1.5160915 1.5933402 1.7252889 1.6706006 1.7239535 0.8480880 1.7187959 1.7951309 2.4031012 2.4597030 2.3326588 2.2534007 2.3857355 1.3900765 1.3535625 1.3130078 0.9043798 1.1542961 
YP_002290967.1_Astrovirus_MLB1                                                                                           1.3321447 1.2212078 1.1752477 1.2491334 1.1086512 1.1292770 1.1244996 0.9839716 1.2192418 1.1374204 1.1391111 1.1574386 1.2298574 1.2223517 1.2220011 1.2631477 1.2854429 1.2480174 1.2442415 1.2427159 1.2378253 1.2488673 1.2768249 0.2314774 1.2276304 0.2706186 0.0000000 1.4627030 1.3665117 1.5293188 1.4370969 1.5057349 1.5409730 1.4845015 1.4559518 1.4642778 1.5822451 1.6879943 1.6783136 1.6510280 0.8425693 1.5920578 1.8086688 2.4084208 2.3854453 2.2935029 2.2318348 2.3713046 1.4812010 1.5643655 1.4461108 0.9670541 1.1957456 
YP_009664779.1_Bat_astrovirus_Tm_Guangxi_LD71_2007                                                                       1.2895634 1.3471141 1.3864719 1.4011139 1.6253551 1.2715798 1.2150031 1.2841276 1.2151743 1.3695799 1.2924040 1.3130606 1.2607985 1.2259500 1.3141844 1.3871250 1.3929108 1.4005865 1.3860451 1.3648294 1.4181644 1.3809418 1.4147246 1.4907549 1.3533128 1.5073290 1.4627030 0.0000000 0.7834445 0.9254939 0.8584025 0.9150418 0.9376487 0.8406856 0.8366405 0.9112216 0.8488200 1.2705187 1.2555545 1.1545727 0.9747421 0.9243108 1.5983827 2.4226320 2.4692098 2.2473019 2.2827638 2.2345654 1.0525109 1.0980234 0.8406892 1.5281137 1.1613493 
YP_009052461.1_Feline_astrovirus_D1                                                                                      1.2883875 1.2988696 1.2875050 1.3572772 1.4278004 1.2414685 1.0688201 1.2094576 1.1426565 1.3176259 1.0894627 1.0518747 1.1500880 1.1426565 1.1548527 1.2836364 1.2822524 1.2574578 1.2395996 1.3035662 1.2554751 1.2515302 1.2826713 1.3616919 1.2315404 1.4372219 1.3665117 0.7834445 0.0000000 0.5833176 0.6540794 0.7338247 0.6625880 0.5723064 0.6095076 0.7059856 0.5937964 1.1117270 1.0026224 1.2746462 1.0258584 0.7685461 1.4714272 2.2208334 2.3300061 2.2624290 2.2587876 2.0163862 1.1703786 1.1430176 0.5705543 1.1726400 1.2005031 
NP_795335.1_Mamastrovirus_10                                                                                             1.2697206 1.2887482 1.2227818 1.2399444 1.5147999 1.2545050 1.0941275 1.2269903 1.2707515 1.3558586 1.3161569 1.3308252 1.2935097 1.2788386 1.1720391 1.2266080 1.2284500 1.2463940 1.1859116 1.5196667 1.2609549 1.2258101 1.2419186 1.5512074 1.2122507 1.5734007 1.5293188 0.9254939 0.5833176 0.0000000 0.6815480 0.7771847 0.6265034 0.6489523 0.6306187 0.6780512 0.6891125 1.2967704 1.2322623 1.2353379 1.1390851 0.8239166 1.6046294 2.3934204 2.3548106 2.1122848 2.3207665 2.3312780 1.1001335 1.0391856 0.3106307 1.2459969 1.1755910 
YP_006905856.1_Astrovirus_VA4                                                                                            1.3066614 1.3100230 1.3181023 1.3886459 1.4174483 1.2179241 1.0731649 1.2800346 1.2882464 1.2287990 1.2786638 1.2289461 1.3140164 1.2913556 1.3989716 1.4218952 1.4235866 1.4026792 1.4013482 1.4247028 1.4045672 1.4409363 1.4341880 1.4611411 1.4249644 1.5244612 1.4370969 0.8584025 0.6540794 0.6815480 0.0000000 0.6979399 0.2976751 0.4065195 0.4166026 0.7466884 0.4135326 1.3662958 1.2354013 1.1368784 0.9700249 0.6418516 1.7006257 2.2407382 2.4788383 2.1532329 2.2602154 2.2178728 1.1777666 1.2057598 0.5896097 1.1197818 1.1752654 
YP_007003830.1_Porcine_astrovirus_3                                                                                      1.2875966 1.3638012 1.4131587 1.4525938 1.3154762 1.3574961 1.2009946 1.2023949 1.3528425 1.4357036 1.4912682 1.4128600 1.3752819 1.3640022 1.3347599 1.4056407 1.4187530 1.3822094 1.3258649 1.4964708 1.3923960 1.3726360 1.4188488 1.5367651 1.4266609 1.5406466 1.5057349 0.9150418 0.7338247 0.7771847 0.6979399 0.0000000 0.6888572 0.7274406 0.6863299 0.8281991 0.7568589 1.3176846 1.1591233 1.1968708 1.2886807 0.8182307 1.7892405 2.3343943 2.4183362 2.1292975 2.2841449 2.4575239 1.1026448 1.1885820 0.7778041 1.4879232 1.1363177 
YP_003275951.1_HMO_Astrovirus_A                                                                                          1.3400955 1.3211714 1.3356277 1.4093990 1.3466912 1.2608846 1.0317016 1.2127223 1.3253763 1.3396848 1.3320446 1.2906059 1.3612723 1.3236583 1.3795990 1.4779990 1.5005618 1.4413020 1.3754341 1.5363991 1.4556933 1.4417569 1.4531113 1.5472838 1.4183514 1.5741449 1.5409730 0.9376487 0.6625880 0.6265034 0.2976751 0.6888572 0.0000000 0.3855177 0.3887348 0.6866123 0.4167866 1.4692529 1.2788455 1.0992318 1.0215880 0.6400590 1.6410433 2.3531650 2.5288852 2.1616726 2.1798490 2.2336133 1.1443757 1.0886851 0.5524518 1.0388544 1.1879962 
YP_006905859.1_Astrovirus_VA3                                                                                            1.4113909 1.3131573 1.4164079 1.4564507 1.4689785 1.2583186 1.0018783 1.1724874 1.2053348 1.3789072 1.2768192 1.2154583 1.2359196 1.2084333 1.2861786 1.3617195 1.3677850 1.3588200 1.3464031 1.3651947 1.3694401 1.3253606 1.3879762 1.5694377 1.2954397 1.5672965 1.4845015 0.8406856 0.5723064 0.6489523 0.4065195 0.7274406 0.3855177 0.0000000 0.4157052 0.7073624 0.2519479 1.2725163 1.1950382 1.1595462 0.9829928 0.6530338 1.6304392 2.2941416 2.2438647 2.0066113 2.0803761 2.1490360 0.9302311 1.0844696 0.5816191 1.3182566 1.2970590 
YP_009047078.1_Human_astrovirus_BF34                                                                                     1.3355883 1.3469700 1.4252030 1.4719241 1.3597819 1.2821629 1.0957588 1.1223197 1.3649276 1.3131412 1.4298835 1.3359525 1.4360133 1.3815244 1.2656886 1.4608166 1.4625599 1.4370015 1.4173423 1.4227821 1.4548845 1.3768055 1.4520505 1.4584724 1.4113289 1.4814218 1.4559518 0.8366405 0.6095076 0.6306187 0.4166026 0.6863299 0.3887348 0.4157052 0.0000000 0.6572524 0.4974936 1.3291866 1.3363451 1.1469361 1.0661402 0.6466426 1.6477350 2.2995593 2.4386375 2.1386591 2.3093364 2.2358328 1.0403065 1.0806854 0.5549837 1.1657758 1.1983377 
NP_059945.2_Mamastrovirus_13                                                                                             1.2670068 1.2926059 1.3495827 1.4508113 1.4805155 1.2463611 1.1673543 1.1066881 1.2786667 1.3675361 1.3752409 1.3001307 1.3257757 1.2754053 1.2496774 1.3197634 1.3303579 1.2668778 1.2462377 1.3664795 1.2826798 1.3387192 1.2967855 1.4797329 1.3673400 1.5160915 1.4642778 0.9112216 0.7059856 0.6780512 0.7466884 0.8281991 0.6866123 0.7073624 0.6572524 0.0000000 0.7075741 1.3915378 1.2675153 1.2295860 1.1473392 0.5008629 1.5296849 2.3553867 2.2536890 2.0321884 2.2492888 2.4153122 1.0713610 1.1005016 0.7157324 1.5953848 1.1609795 
YP_003090286.1_Astrovirus_VA1                                                                                            1.4237105 1.3711222 1.4057661 1.4797399 1.4536815 1.2612269 1.1046204 1.1815783 1.2862727 1.2984262 1.2662474 1.2309917 1.3139414 1.2828890 1.2458059 1.3438684 1.3497839 1.3799984 1.3500394 1.3647237 1.3882141 1.3066531 1.4101437 1.5118517 1.2489168 1.5933402 1.5822451 0.8488200 0.5937964 0.6891125 0.4135326 0.7568589 0.4167866 0.2519479 0.4974936 0.7075741 0.0000000 1.4040274 1.2112127 1.1177283 1.0859028 0.7107355 1.5877349 2.2504521 2.5285468 2.0513097 2.2064723 2.2535761 0.9433979 1.0948080 0.7113190 1.2045770 1.2933384 
YP_009664790.1_Bat_astrovirus_Tm_Guangxi_LD38_2007                                                                       1.6624279 1.6587940 1.5650393 1.6101128 1.5382918 1.4519223 1.3158160 1.4747364 1.5112596 1.5395782 1.4218652 1.4479112 1.5548918 1.5234076 1.3662783 1.4714591 1.4888576 1.4487139 1.4348637 1.6991648 1.4416112 1.4054893 1.4770007 1.6443830 1.4862416 1.7252889 1.6879943 1.2705187 1.1117270 1.2967704 1.3662958 1.3176846 1.4692529 1.2725163 1.3291866 1.3915378 1.4040274 0.0000000 0.5239255 1.0866391 1.5063049 1.4578340 2.0771373 2.6029835 2.5437248 2.3884943 2.2453014 2.3827953 0.9124442 0.9252437 1.2648635 2.0565051 1.5068977 
YP_009664787.1_Mamastrovirus_18                                                                                          1.4597987 1.4430671 1.5884336 1.6137034 1.4906840 1.5409651 1.3360272 1.5377880 1.3785932 1.6302799 1.3440695 1.3639895 1.4144721 1.3637067 1.4308064 1.5065631 1.5287207 1.4575159 1.4343620 1.5796951 1.4696302 1.4422145 1.4905170 1.6221191 1.5306145 1.6706006 1.6783136 1.2555545 1.0026224 1.2322623 1.2354013 1.1591233 1.2788455 1.1950382 1.3363451 1.2675153 1.2112127 0.5239255 0.0000000 1.2168912 1.4107693 1.3015578 1.8208148 2.1810515 2.3712992 2.1710158 2.0567760 2.2759516 1.1129176 1.0913658 1.1991036 2.0332929 1.3068241 
YP_009664783.1_Bat_astrovirus_Tm_Guangxi_LD77_2007                                                                       1.4693619 1.3929246 1.2861780 1.3345438 1.4344324 1.4131965 1.4261698 1.3188979 1.3809370 1.5040192 1.3601548 1.4086241 1.3756464 1.3809370 1.3293664 1.3020919 1.3212340 1.3780194 1.3241723 1.5279135 1.3864145 1.2981865 1.4092800 1.6695418 1.3580269 1.7239535 1.6510280 1.1545727 1.2746462 1.2353379 1.1368784 1.1968708 1.0992318 1.1595462 1.1469361 1.2295860 1.1177283 1.0866391 1.2168912 0.0000000 1.2805582 1.2543105 1.5261232 2.1335023 2.3746502 1.8917061 1.9087438 2.1330033 0.4854922 0.6711178 1.1745382 2.4743493 1.4619818 
YP_009380533.1_California_sea_lion_astrovirus_2                                                                          0.8731197 0.8835644 0.8840515 0.9149984 0.7981198 0.3320712 0.5343920 0.8278917 0.3933823 0.7143249 0.4135633 0.3887502 0.3854152 0.3933823 0.8104213 0.8450610 0.8460858 0.8630757 0.8661334 1.0996846 0.8676700 0.8456017 0.8783208 0.8208353 0.8569122 0.8480880 0.8425693 0.9747421 1.0258584 1.1390851 0.9700249 1.2886807 1.0215880 0.9829928 1.0661402 1.1473392 1.0859028 1.5063049 1.4107693 1.2805582 0.0000000 1.1535000 1.4660996 1.9452401 1.8825512 1.7161621 1.6292537 1.7511392 1.5350300 1.4512041 1.2027273 0.2102935 0.8731058 
YP_009047246.1_Bovine_astrovirus_CH13                                                                                    1.4985670 1.5759498 1.5931068 1.6681308 1.5622901 1.3898834 1.2676513 1.2845639 1.4533273 1.5028296 1.5199868 1.4210947 1.4997220 1.4650362 1.4301689 1.5554871 1.5740329 1.5163060 1.4806418 1.6179964 1.5414094 1.5234140 1.5443905 1.6463271 1.5750959 1.7187959 1.5920578 0.9243108 0.7685461 0.8239166 0.6418516 0.8182307 0.6400590 0.6530338 0.6466426 0.5008629 0.7107355 1.4578340 1.3015578 1.2543105 1.1535000 0.0000000 1.6406537 2.2848434 2.5223996 2.1137212 2.2339708 2.3697438 1.0952873 1.2592265 0.7197018 1.5384567 1.4213527 
YP_009010968.1_Porcine_astrovirus_5                                                                                      1.6672537 1.6375402 1.7289108 1.7823938 1.5468785 1.7210563 1.5503108 1.4797805 1.5650226 1.5015230 1.6064565 1.5525206 1.6130615 1.5605384 1.5834930 1.5231080 1.5439159 1.5817449 1.5962390 1.5763007 1.5713993 1.5907291 1.6044808 1.7489644 1.6033515 1.7951309 1.8086688 1.5983827 1.4714272 1.6046294 1.7006257 1.7892405 1.6410433 1.6304392 1.6477350 1.5296849 1.5877349 2.0771373 1.8208148 1.5261232 1.4660996 1.6406537 0.0000000 2.4660013 2.4602201 2.4256712 2.2547479 2.6990832 1.7815364 1.7035684 1.5640110 1.8070721 1.5627400 
YP_009362294.1_Goose_astrovirus                                                                                          2.1469013 1.9703651 2.0219787 2.0546030 2.2961090 2.3343053 1.8968353 2.1863264 2.2372594 2.2501130 2.3201900 2.2699448 2.2576015 2.2516561 2.0391266 2.1420923 2.1292925 2.0676894 2.1219771 2.0824610 2.1194560 2.1654295 2.1489976 2.3622421 2.0649985 2.4031012 2.4084208 2.4226320 2.2208334 2.3934204 2.2407382 2.3343943 2.3531650 2.2941416 2.2995593 2.3553867 2.2504521 2.6029835 2.1810515 2.1335023 1.9452401 2.2848434 2.4660013 0.0000000 1.1009858 0.6338368 0.6669217 0.9862532 2.5427936 2.2729027 2.2472448 3.3560350 1.9150188 
NP_620617.2_Chicken_astrovirus                                                                                           2.0680882 2.0726062 2.2411796 2.2857635 2.2601681 1.9825579 1.9436498 2.3120351 2.0163790 2.1686865 2.0831595 2.0867527 2.1008669 2.0123488 2.1706552 2.1356549 2.1347273 2.0465266 2.0843376 2.3588504 2.0465490 2.1665376 2.0865480 2.4832747 2.2093355 2.4597030 2.3854453 2.4692098 2.3300061 2.3548106 2.4788383 2.4183362 2.5288852 2.2438647 2.4386375 2.2536890 2.5285468 2.5437248 2.3712992 2.3746502 1.8825512 2.5223996 2.4602201 1.1009858 0.0000000 1.1320325 1.1041980 1.3932925 2.7762991 2.4339090 2.4638411 3.1699031 1.8563553 
YP_002728002.1_Duck_astrovirus_C-NGB                                                                                     2.2172596 2.0123947 2.0658366 2.1695771 2.1421917 2.0722324 1.7769463 2.0605559 1.9543456 2.1853823 2.1224271 2.1076336 1.9635336 1.9669575 1.8472706 1.9065127 1.9226060 1.8245275 1.8106628 2.3180816 1.8301245 1.9391511 1.8562001 2.3217458 1.8457834 2.3326588 2.2935029 2.2473019 2.2624290 2.1122848 2.1532329 2.1292975 2.1616726 2.0066113 2.1386591 2.0321884 2.0513097 2.3884943 2.1710158 1.8917061 1.7161621 2.1137212 2.4256712 0.6338368 1.1320325 0.0000000 0.4351299 0.9345271 2.2568136 1.9901679 2.1527132 2.4465958 1.9713369 
NP_987087.2_Turkey_astrovirus_2                                                                                          2.1803670 2.1200269 2.0614792 2.1443117 2.1915326 2.1708342 1.8158000 2.1368470 2.0981184 2.1352124 2.1933040 2.1552682 2.1275960 2.0913310 1.8580326 1.9839391 1.9850560 1.8853968 1.9330515 2.2309241 1.8899489 2.0066482 1.9158406 2.2526839 1.9181747 2.2534007 2.2318348 2.2827638 2.2587876 2.3207665 2.2602154 2.2841449 2.1798490 2.0803761 2.3093364 2.2492888 2.2064723 2.2453014 2.0567760 1.9087438 1.6292537 2.2339708 2.2547479 0.6669217 1.1041980 0.4351299 0.0000000 0.9671351 2.1959137 2.1083805 2.2489082 2.8435650 1.8612194 
NP_853540.1_Turkey_astrovirus                                                                                            2.3029664 2.2508205 2.1137898 2.2988362 2.3372547 2.3122240 1.9170148 2.4790636 2.3291466 2.3586900 2.2873767 2.3556142 2.3722248 2.3562692 2.2317865 2.3388484 2.3715853 2.2996167 2.2418603 2.4322130 2.2527712 2.3959622 2.3128714 2.3941022 2.1891506 2.3857355 2.3713046 2.2345654 2.0163862 2.3312780 2.2178728 2.4575239 2.2336133 2.1490360 2.2358328 2.4153122 2.2535761 2.3827953 2.2759516 2.1330033 1.7511392 2.3697438 2.6990832 0.9862532 1.3932925 0.9345271 0.9671351 0.0000000 2.3769858 2.2657703 2.4691611 2.7205598 1.9295523 
YP_009664785.1_Mamastrovirus_16                                                                                          1.3937074 1.3963078 1.2874300 1.4975178 1.3839970 1.1652275 1.5150456 1.1465518 1.3564316 1.3601061 1.2787773 1.3466132 1.3350690 1.3564316 1.1430796 1.1657975 1.1927418 1.2049787 1.2059681 1.5231910 1.1930845 1.2204800 1.2367136 1.3480452 1.2211303 1.3900765 1.4812010 1.0525109 1.1703786 1.1001335 1.1777666 1.1026448 1.1443757 0.9302311 1.0403065 1.0713610 0.9433979 0.9124442 1.1129176 0.4854922 1.5350300 1.0952873 1.7815364 2.5427936 2.7762991 2.2568136 2.1959137 2.3769858 0.0000000 0.6583993 1.1257696 1.8432702 1.3937074 
YP_009664781.1_Mamastrovirus_14                                                                                          1.4548959 1.3341645 1.2531761 1.3708706 1.5165557 1.1650226 1.1999368 1.3617581 1.3139391 1.6093291 1.2929161 1.3313834 1.3405292 1.3139391 1.1334710 1.1700070 1.2236563 1.1160556 1.1543719 1.5796565 1.1327971 1.1674837 1.1351851 1.4847024 1.2911637 1.3535625 1.5643655 1.0980234 1.1430176 1.0391856 1.2057598 1.1885820 1.0886851 1.0844696 1.0806854 1.1005016 1.0948080 0.9252437 1.0913658 0.6711178 1.4512041 1.2592265 1.7035684 2.2729027 2.4339090 1.9901679 2.1083805 2.2657703 0.6583993 0.0000000 1.1315458 1.5426700 1.4548959 
YP_009664777.1_Mamastrovirus_11                                                                                          1.2541778 1.2777856 1.2487379 1.3601849 1.4915506 1.2026018 1.0676689 0.9491083 1.1114155 1.2844163 1.2172779 1.2265360 1.1378051 1.1114155 1.1493198 1.0918407 1.1136640 1.1011793 1.1428823 1.4316744 1.1280188 1.2166623 1.0869617 1.3114604 1.2291234 1.3130078 1.4461108 0.8406892 0.5705543 0.3106307 0.5896097 0.7778041 0.5524518 0.5816191 0.5549837 0.7157324 0.7113190 1.2648635 1.1991036 1.1745382 1.2027273 0.7197018 1.5640110 2.2472448 2.4638411 2.1527132 2.2489082 2.4691611 1.1257696 1.1315458 0.0000000 1.3690184 1.2541778 
YP_009666025.1_Astrovirus_dogfaeces_Italy_2005                                                                           1.0359668 1.2341018 1.1128773 1.2796745 0.8776859 0.0000010 0.4161853 0.9428043 0.3253119 0.6033464 0.3064856 0.3091193 0.3253119 0.3253119 0.8836123 1.0103603 1.0172021 0.9571013 0.9547333 1.1340741 1.0167324 0.9948044 0.9549143 0.8746479 0.8834432 0.9043798 0.9670541 1.5281137 1.1726400 1.2459969 1.1197818 1.4879232 1.0388544 1.3182566 1.1657758 1.5953848 1.2045770 2.0565051 2.0332929 2.4743493 0.2102935 1.5384567 1.8070721 3.3560350 3.1699031 2.4465958 2.8435650 2.7205598 1.8432702 1.5426700 1.3690184 0.0000000 1.0359668 
Murine_astrovirus_JS1___2545___3870___-1___ID_1_2_partial_00_start_type_GTG_rbs_motif_None_rbs_spacer_None_gc_cont_0.522 0.0096536 0.4719517 0.4897755 0.5475367 0.8353961 0.8755225 0.8864789 0.9274031 0.9065107 0.9321290 0.8764725 0.8830429 0.9077476 0.9065107 0.8932337 0.8788852 0.8753710 0.9134426 0.8998940 1.1298152 0.9260764 0.9014236 0.9500960 1.1357728 0.9414515 1.1542961 1.1957456 1.1613493 1.2005031 1.1755910 1.1752654 1.1363177 1.1879962 1.2970590 1.1983377 1.1609795 1.2933384 1.5068977 1.3068241 1.4619818 0.8731058 1.4213527 1.5627400 1.9150188 1.8563553 1.9713369 1.8612194 1.9295523 1.3937074 1.4548959 1.2541778 1.0359668 0.0000000 
